1 0.57421875 0.6171875 0.78046875 0.253125
6 0.4015625 0.67109375 0.08984375 0.15
6 0.70625 0.709375 0.08046875 0.084375
6 0.584375 0.66796875 0.10078125 0.08984375
3 0.805842971875 0.7465931796875 0.818345671875 0.7372094640625 0.8235551296875 0.718442034375 0.8230341843750001 0.699674603125 0.817824725 0.6871629828125 0.774522559375 0.6714211234375 0.7652091999999999 0.6942007703125 0.7657301453125 0.7137501765625001 0.7698977124999999 0.7309536546875 0.805842971875 0.7465931796875
2 0.6634560171875 0.7005978015625 0.66931665625 0.6981541250000001 0.6702934296875 0.6145804109374999 0.665083971875 0.6033395015624999 0.6608512875 0.5671731 0.6494411828125 0.568133709375 0.6494555984375 0.5920985937500001 0.6426181843750001 0.617512821875 0.642943775 0.7005978015625 0.6634560171875 0.7005978015625
2 0.8044369734375 0.669839059375 0.8102976140625 0.63904874375 0.8207165296875001 0.6326951859375 0.827879534375 0.6322064515625 0.8282051265625 0.6004386640625 0.8229956671875 0.5696483484375 0.8213677125000001 0.5310382703125 0.8102484750000001 0.5339406640625 0.807692884375 0.5686708781250001 0.7998786984375 0.5975062531249999 0.7985763328125 0.6629967671875 0.8044369734375 0.669839059375
2 0.5280649359375 0.6229204828125 0.5238322515625 0.5931076375 0.5257857984375 0.547655265625 0.514381403125 0.5448021328125 0.5095062421875001 0.58919775625 0.4990873265625 0.6136345140625 0.49062195624999994 0.6923208765625 0.5059247390625 0.6996519046875 0.5199251578124999 0.6937870828125 0.5280649359375 0.6229204828125
6 0.48671486249999996 0.7187125765625 0.49322668593749996 0.7069829328125 0.492575503125 0.5950625781250001 0.43882920312499996 0.5974420328125001 0.4388529671875 0.6331839218749999 0.4469927453125 0.654199534375 0.446015971875 0.7167576359375001 0.48671486249999996 0.7187125765625
2 0.23475231875000002 0.6928096125 0.24842714687499998 0.6942758171875 0.25721810624999997 0.689388465625 0.2601484265625 0.6556657390625 0.2581948796875 0.6219430125 0.2536366046875 0.5931076375 0.2477759640625 0.566227203125 0.246799190625 0.5383692984375 0.23277451562499998 0.5402908015625 0.23247318125 0.5931076375 0.22400781250000001 0.637093803125 0.2275893140625 0.68352364375 0.23475231875000002 0.6928096125
2 0.3039458484375 0.721099021875 0.3129321640625 0.719632815625 0.31840209375 0.7134747531250001 0.317229965625 0.673300721875 0.312736809375 0.6586386671875 0.3113693265625 0.6249159390625 0.3045319125 0.619930840625 0.299235021875 0.62311938125 0.2982805625 0.662157559375 0.293982759375 0.6771128562500001 0.2949595328125 0.7172868875 0.3039458484375 0.721099021875
6 0.386571596875 0.5246464265624999 0.367008459375 0.5237641640625 0.36605935624999997 0.5794825125 0.3777806375 0.5786027890625001 0.3937997203125 0.5750838968750001 0.386571596875 0.5246464265624999