2 0.6353482140625 0.5251111421875 0.658790775 0.5449729515625 0.6916103609375 0.5660761234375 0.7134900843749999 0.5971102 0.7158343406250001 0.6728333484375 0.7158343406250001 0.6740747125000001 0.8010089796875001 0.7820733 0.825232959375 0.7584874015625 0.8346099828125 0.7224878718750001 0.729899878125 0.576007028125 0.715052921875 0.508973421875 0.6962988734375 0.46428434999999996 0.485315825 0.20359810312499999 0.46421751875000006 0.217253096875 0.44702630781249997 0.23587354375 0.43764928437500006 0.258218078125 0.42670942187499994 0.28676942968749997 0.42272133749999996 0.3139991671875 0.42670942187499994 0.3525616734375 0.575178975 0.5586279453125 0.6017472109375 0.52883523125 0.6353482140625 0.5251111421875
2 0.1625899015625 0.71503969375 0.1657155765625 0.721246509375 0.1649341578125 0.747315134375 0.17274834375 0.7572460390625 0.1993165796875 0.760970128125 0.23995035312500002 0.749797859375 0.28058412499999996 0.7187637828125 0.2993381734375 0.7051087890625001 0.2985567546875 0.6641438078124999 0.28605405625 0.656695628125 0.29386824218749996 0.6182133734375 0.26886284374999997 0.45187072031250003 0.2477645390625 0.43573300000000004 0.18681388125 0.4580775359375 0.12898889687499998 0.4891116125 0.121174709375 0.5114561484375 0.122737546875 0.537524771875 0.1469615265625 0.68897106875 0.1625899015625 0.71503969375
2 0.6486323328125 1 0.6541022640625 0.9768069140625 0.6666049625 0.9482555625 0.6728563125 0.9184628484375 0.6634792875 0.8936355875 0.633003959375 0.8427396999999999 0.5525178328125 0.7881197249999999 0.5384522953124999 0.8054988078124999 0.532982365625 0.840256975 0.516572571875 0.8526706046875001 0.45475258749999997 1 0.6486323328125 1
2 0.08913654374999999 0.2535734078125 0.094606475 0.284607484375 0.10320207968749999 0.309434746875 0.1078905921875 0.3181242875 0.10867201093750001 0.33798609687500003 0.1133605234375 0.3603306328125 0.12898889687499998 0.369020175 0.17274834375 0.335503371875 0.171966925 0.321848378125 0.1664969953125 0.3057106578125 0.171966925 0.27715930625 0.16884125156250002 0.24364250312500002 0.1453986890625 0.1219889203125 0.127426059375 0.1070925640625 0.10398349843750002 0.1070925640625 0.0867838375 0.119210084375 0.07663384375 0.14433345625 0.07819668125 0.16916071875 0.082103775 0.2101257 0.08913654374999999 0.2535734078125
2 0.3048081046875 0.27343521718749997 0.3485675515625 0.2548147703125 0.3931084171875 0.25729749687500003 0.42983509687500004 0.2635043125 0.4509334015625 0.2275047828125 0.48140873125 0.2101257 0.49156717343749995 0.21509115156249997 0.513446896875 0.23619432499999998 0.5181354093749999 0.22998750937499998 0.520479665625 0.1555057234375 0.5392337140625 0.1046098375 0.5509549953125 0.07729985 0.5736161375 0.071093034375 0.5892445109375 0.0859893921875 0.618157003125 0.0884721171875 0.6533208453125 0.1132993796875 0.6877032671875 0.1344025515625 0.6837961734375 0.097161659375 0.6744191500000001 0.0624034921875 0.66113503125 0.040058957812500004 0.618157003125 0.048748498437499996 0.48844149843749995 0.0822653015625 0.424365165625 0.13067846249999998 0.36966585625000004 0.1790916234375 0.332939178125 0.19647070625000002 0.2953775875 0.20729941406250002 0.28058412499999996 0.216332515625 0.2790212875 0.2324702359375 0.286835475 0.27591794375 0.3048081046875 0.27343521718749997
2 0.5595506015625 0.2870902109375 0.6697306375000001 0.349158365625 0.6877032671875 0.3466756390625 0.712708665625 0.3255724671875 0.728337040625 0.284607484375 0.7400583203125 0.2386770515625 0.7384954828125 0.19647070625000002 0.729899878125 0.16791935468750002 0.6806705 0.136885278125 0.6048728859375 0.0797825765625 0.5923701859375 0.083506665625 0.57439755625 0.0748171234375 0.5540806703125 0.0785412125 0.5337637843749999 0.11578210625 0.5228239218749999 0.1542643609375 0.5172525875 0.19737385624999998 0.520479665625 0.2461252296875 0.535326621875 0.2659870390625 0.5517364140625001 0.2672284015625 0.5595506015625 0.2870902109375
2 0.7180338374999999 0 0.718960015625 0.1070925640625 0.7564681140625 0.2349529609375 0.811167421875 0.20267752187500002 0.8361728203125001 0.2001947953125 0.8603968 0.20267752187500002 0.8017903984375 0.0288866890625 0.7720964875 0 0.7180338374999999 0
2 0.3751357875 0.6766376328125 0.4399935390625 0.6766376328125 0.4517148203125 0.6369140140625 0.4462448890625 0.5885008546875 0.425928003125 0.5525013249999999 0.41186246718749997 0.5239499734375 0.3923269984375 0.47801954062499996 0.36263308906249997 0.451950915625 0.331376340625 0.4432613734375 0.3048081046875 0.46064045625 0.27980270625000003 0.5264327 0.2837098 0.56739768125 0.3048081046875 0.6319485625000001 0.3157479671875 0.6766376328125 0.332157759375 0.664224003125 0.3524746453125 0.665465365625 0.3751357875 0.6766376328125
2 0.1649645234375 0.750959028125 0.1696530359375 0.7273731296875 0.1641831046875 0.7087526828125 0.14855473125000002 0.6864081468750001 0.13448919374999999 0.605719546875 0.1110466328125 0.593305915625 0.092292584375 0.5970300046875 0.000085178125 0.78447583125 0.000085178125 0.8949571453124999 0.14386621875 0.7757862890625 0.1649645234375 0.750959028125
2 0.04071895 1 0.0665057671875 0.965714840625 0.094636840625 0.9222671328125 0.13058209999999998 0.9135775921875 0.1688716171875 0.9545425734374999 0.2493577421875 0.7708208375 0.23529220624999997 0.745993575 0.1657459421875 0.7559244796875 0 0.8961985078125 0 1 0.04071895 1
2 0.3220296828125 0.923508496875 0.3571935234375 0.930956675 0.386106015625 0.9123362281249999 0.4556522796875 0.885026240625 0.4642478859375 0.819233996875 0.48690902812500003 0.7559244796875 0.492378959375 0.7298558546875 0.484564771875 0.698821778125 0.4572151171875 0.67895996875 0.3579749421875 0.671511790625 0.332188125 0.6677877015625 0.3095269828125 0.6888908734375 0.28999151562500003 0.738545396875 0.283740165625 0.8018549140625 0.294680028125 0.878819425 0.3220296828125 0.923508496875
2 0.07353853593750001 0.5848569609375 0.1258935890625 0.562512425 0.12120507656249999 0.5153406281249999 0.13448919374999999 0.4793410984375 0.24466923125 0.435893390625 0.2665489546875 0.4557552 0.27514455937500004 0.4408588421875 0.2688932109375 0.38872159375000004 0.26186044218750004 0.3452738859375 0.23998071875 0.3055502671875 0.2181009953125 0.2956193625 0.04618888125 0.42844521249999995 0.000085178125 0.510375175 0 0.5997533171875 0.03368618125 0.5947878656250001 0.07353853593750001 0.5848569609375
1 0.5 0.5 1 1