2 0.0012408875 0.964189553125 0.0648706953125 0.9675136015625 0.0682196328125 0.919314896875 0.07268488281249999 0.8245795093750001 0.057056507812500004 0.6434188578125 0.050358634375 0.625136590625 0.019066196875 0.6280453953125 0.0135203234375 0.72485805 0 0.8096212906250001 0.00012457499999999998 0.8794263125 0.0012408875 0.964189553125
2 0.080551059375 0.9713729125 0.137594625 0.9713729125 0.1422831375 0.8561946265625 0.13681320624999999 0.7817359374999999 0.13368753125 0.6898259921875 0.125091925 0.6281648890625 0.092272340625 0.6281648890625 0.0938150875 0.6291666609375001 0.09070950312500001 0.69331624375 0.075081128125 0.82361895 0.076643965625 0.8585214609375 0.080551059375 0.9713729125
2 0.2157364953125 0.867828796875 0.2172993328125 0.8329262859375 0.1977638640625 0.6293283062499999 0.1680338375 0.6280038703125 0.14853448593750002 0.7782456859375 0.14853448593750002 0.8364165375000001 0.14853448593750002 0.8689922140625 0.2157364953125 0.867828796875
2 0.3071624828125 0.8212921156249999 0.285282759375 0.6281648890625 0.2524088375 0.6245154984375 0.23605338125 0.8352531203125 0.23761621875 0.87015563125 0.3024739703125 0.8759727171874999 0.3071624828125 0.8212921156249999
2 0.373583071875 0.8329262859375 0.3517033484375 0.6328185578125 0.32194008749999997 0.6314922421875 0.3055996453125 0.8329262859375 0.3071624828125 0.86666538125 0.373583071875 0.8748093000000001 0.373583071875 0.8329262859375
2 0.43687798750000006 0.9632289937499999 0.4485992671875 0.796860359375 0.43687798750000006 0.7526505109375 0.42281245 0.6246746390625 0.3938999578125 0.6304917234375 0.389992865625 0.6293283062499999 0.372801653125 0.8015140265625 0.379053003125 0.8689922140625 0.379053003125 0.9678826624999999 0.43687798750000006 0.9632289937499999
2 0.1508787421875 0.40508945937499996 0.2055780515625 0.400435790625 0.2024523765625 0.32248685 0.192293934375 0.252681828125 0.192293934375 0.185203640625 0.1656900875 0.1838178234375 0.1657256984375 0.2515184109375 0.1563486734375 0.312016096875 0.14853448593750002 0.34924544218750003 0.1508787421875 0.40508945937499996
2 0.075862546875 0.402762625 0.1407203 0.40392604218750006 0.13681320624999999 0.32597710156250004 0.125091925 0.239884240625 0.12431050625 0.1758963046875 0.0993051078125 0.1793865546875 0.09694008750000001 0.1826550328125 0.096960853125 0.2387208234375 0.08211389687500001 0.30154534375000003 0.07742538437499999 0.37367720000000004 0.075862546875 0.402762625
2 0.8759779390625001 0.7840627718750001 0.8712894265625 0.688662575 0.8611309828125 0.6409624765624999 0.8595681453124999 0.5665037875000001 0.831437071875 0.5688306203125 0.832218490625 0.6409624765624999 0.8204972109374999 0.71425775 0.8197157921875 0.7817359374999999 0.8759779390625001 0.7840627718750001
2 0.5626290390625 0.8713190484375 0.60482565 0.8689922140625 0.60560706875 0.82361895 0.5970114625 0.787553021875 0.58997869375 0.6793552390625 0.5610025875 0.6791666609375 0.5618476203125 0.72240166875 0.543093571875 0.8329262859375 0.543874990625 0.8585214609375 0.5626290390625 0.8713190484375
2 0.6777038015625 0.8746961875 0.678224746875 0.8273838953125001 0.6730152890625 0.7839496593749999 0.66780583125 0.7056129125 0.66780583125 0.683120184375 0.6506146203125 0.678466515625 0.6396267250000001 0.68301033125 0.6266511125 0.8010131093749999 0.6188369265625 0.8273838953125001 0.6198788171875 0.8669400749999999 0.6777038015625 0.8746961875
2 0.8110366843750001 0.4018237953125 0.8652150484375 0.407253075 0.8688616687499999 0.35218466875 0.8501076203125001 0.22576001875 0.8516704578125 0.18775506250000001 0.8302517249999999 0.1938630453125 0.8292697875 0.23196490937499997 0.8214556015625 0.2800528125 0.8120785765624999 0.328916328125 0.8110366843750001 0.4018237953125
2 0.6698716203124999 0.3188333796875 0.668829728125 0.36459445 0.6683087828125001 0.40415062968750004 0.7240499828125 0.41268235468750003 0.7204033625 0.32814071718750004 0.7094635 0.26609180781249997 0.7042540421875 0.22576001875 0.7089425546875 0.210247790625 0.705295934375 0.19628678593749999 0.6823350593749999 0.1985142078125 0.68237431875 0.214901459375 0.6865418859375 0.2203307390625 0.68081148125 0.26996986562499997 0.6698716203124999 0.3188333796875