1 0.5 0.5 1 1
2 0.304916625 0.6811875125 0.3283591859375 0.6811875125 0.3413828296875 0.674239328125 0.3517573328125 0.6681026578125 0.355708840625 0.6412354484375 0.304916625 0.50400879375 0.29319534375 0.4032601109375 0.18509909062500002 0.13575498749999998 0.13691160468750002 0.1392290796875 0.09653830468749999 0.15312545 0.0678862859375 0.215659115625 0.073025146875 0.21715855624999997 0.1681683515625 0.46058263750000006 0.2267747546875 0.5196422109375 0.25933386718749996 0.566542459375 0.304916625 0.6811875125
2 0.694323609375 0.8270993984375 0.7333945453124999 0.8270993984375 0.7724654796875 0.8114659828124999 0.81023405 0.7854102875 0.8128387796875 0.7645657328125 0.7255803578125 0.3494116765625 0.6865094234375 0.319881890625 0.6461361234375 0.16181068125 0.6096699171875 0.172232959375 0.600553365625 0.19655160625 0.63050775 0.3442005390625 0.6174841046874999 0.37720441718750003 0.6096699171875 0.42236762031249997 0.694323609375 0.8270993984375
2 0.591615759375 0.43985477812499996 0.5822387359375 0.3929545296875 0.6252167640625 0.300196259375 0.6080255515624999 0.23453591093749998 0.593178596875 0.24391596093749998 0.53691645 0.36481437968749997 0.502534028125 0.372109975 0.36412758749999996 0.6886284671875 0.38219554843750003 0.7254251828125 0.43142492656250003 0.7556497890625 0.45017897500000004 0.7546075609375 0.591615759375 0.43985477812499996
2 0.1844966171875 0.8513327500000001 0.211846271875 0.8544594328124999 0.24310301875 0.8336148781249999 0.2688898359375 0.7773345796875 0.24622869375 0.656436159375 0.2274746453125 0.6543517046875 0.1875650875 0.6750868 0.15011419374999999 0.753363340625 0.14620709999999998 0.7919257671875 0.15870979999999998 0.8304881953125 0.1844966171875 0.8513327500000001
2 0.6150110843750001 0.9159508703125001 0.6025083859375 0.8784306718750001 0.607978315625 0.8555016609375 0.66814755625 0.6981252703124999 0.66658471875 0.6845763093749999 0.6447049953125 0.66477398125 0.625169528125 0.6595628437500001 0.5532790078125001 0.8346571062500001 0.528273609375 0.84403715625 0.5024867921875 0.8742617609375 0.45006508749999996 0.9980034671875 0.5923499421875 1 0.6118854093749999 0.955555525 0.6150110843750001 0.9159508703125001
2 0.99395191875 0.9201871125000001 0.98770056875 0.8878780515625 1 0.867033496875 0.9970775921874999 0.7357128000000001 0.936908353125 0.8378511203125001 0.9048701859375001 0.8441044859375 0.87830195 0.859737903125 0.7977213375 0.9969618 0.9673836828125 1 0.99238908125 0.9535384 0.99395191875 0.9201871125000001
2 1 0 0.9806678 0.0012788859375 0.89002323125 0.310820528125 0.8728320203125 0.322285034375 0.8689249265625 0.3368762234375 0.8836093859374999 0.3447104609375 0.8820963374999999 0.3448784671875 0.9087772796875001 0.3702275109375 0.9439411218749999 0.39419875000000004 0.98301205625 0.41087439375 0.97988638125 0.367100828125 1 0.310820528125 1 0
2 0.26967125468750003 0.02316566875 0.25638713750000003 0 0.09775914062499999 0.00023665781250000001 0 0 0.000863221875 0.16699309843750001 0.2720155109375 0.12217730468750002 0.26107565 0.0888260171875 0.26263848749999996 0.039841312499999997 0.26967125468750003 0.02316566875
2 0.2884253046875 0.1503174546875 0.29155097812499997 0.17637314843750002 0.2892067234375 0.21910448593749998 0.297802328125 0.24307572500000002 0.312649284375 0.2534980015625 0.3282776578125 0.249329090625 0.34625028750000003 0.2378645859375 0.34546886875 0.1867954265625 0.34859454375 0.1440640875 0.3681300109375 0.11592393906250001 0.3775070359375 0.092994928125 0.3751627796875 0.04713690625 0.3689114296875 0.0012788859375 0.2743597671875 0.00440556875 0.26341990625 0.0450524515625 0.26107565 0.0961216109375 0.2767040234375 0.1294729 0.2884253046875 0.1503174546875
2 0.4900077109375 0.14614854375 0.5423627640625 0.1346840375 0.5517397875000001 0.12426176093750001 0.5908107234375 0.1398951765625 0.611127609375 0.1565708203125 0.6345701703125 0.16490864375 0.65801273125 0.1492752265625 0.6634826625 0.12634621562499998 0.6587941500000001 0.0961216109375 0.6423843578125 0.074234828125 0.6197232140625 0.0606858671875 0.5790894421874999 0.0367146296875 0.5673681625 0.012743390625 0.55720971875 0.00023665781250000001 0.3735025875 0.0000868 0.38764186093749997 0.0492213625 0.42514995781250003 0.0919527 0.45562528750000003 0.12113507812499999 0.4900077109375 0.14614854375
2 0.050095975 1 0.03368618125 0.8472311703125 0.03524901875 0.8315977531250001 0.0547844859375 0.8086687421875001 0.0633800921875 0.7555151265625 0.0633800921875 0.47828254374999996 0.04931455625 0.425128928125 0.0344676 0.3949043234375 0.0016275875 0.3844618 0 1 0.050095975 1
2 0.761887434375 0.9264404796875001 0.7822043203125 0.8774557749999999 0.8189310000000001 0.8086687421875001 0.79939553125 0.7919930984375 0.748603315625 0.8211754750000001 0.71890940625 0.8816246859374999 0.7118766375 0.886835825 0.6884340765625 0.893089190625 0.668898609375 0.8983003296875 0.6164713374999999 0.9990451328125 0.7681387843749999 1 0.768920203125 0.9629184499999999 0.761887434375 0.9264404796875001
2 0.8767323656249999 0.55463449375 0.8915793203125 0.5744368203125 0.9040820203125 0.60674588125 0.9243989062500001 0.603619196875 0.9431529546874999 0.5848590984375 0.9501857234375001 0.560887859375 0.9345573484375 0.5306632546875 0.8900164828125 0.3993425578125 0.8673553406250001 0.31596433749999997 0.8540712234375001 0.2930353265625 0.8212516375 0.3295132984375 0.8048418453125 0.331597753125 0.7790550281249999 0.3034576046875 0.679814853125 0.1950659171875 0.662623640625 0.1742213625 0.672782084375 0.2211216109375 0.668874990625 0.23154388906249998 0.6680338375 0.2313368 0.773585096875 0.4493694890625 0.7970276578125 0.4795940953125 0.8439127796875001 0.52649434375 0.8767323656249999 0.55463449375