3 0.128125 0.21484375 0.253125 0.16796875
3 0.346875 0.2109375 0.1875 0.159375
3 0.3171875 0.3734375 0.18515625 0.16640625
3 0.11328125 0.38046875 0.21328125 0.16015625
3 0.15859375 0.0609375 0.2765625 0.121875
3 0.11015625 0.53515625 0.2203125 0.16328125
3 0.109375 0.7015625 0.21171875 0.15859375
3 0.11640625 0.87109375 0.2234375 0.16328125
3 0.15078125 0.97734375 0.27890625 0.04140625
3 0.39140625 0.065625 0.184375 0.13125
3 0.5765625 0.0609375 0.1875 0.121875
3 0.7703125 0.06484375 0.1875 0.12890625
3 0.93359375 0.059375 0.1328125 0.115625
3 0.9140625 0.20234375 0.171875 0.14921875
3 0.73515625 0.2109375 0.18671875 0.159375
3 0.5421875 0.21015625 0.20625 0.171875
3 0.50234375 0.38046875 0.196875 0.16640625
3 0.70234375 0.38046875 0.20546875 0.16640625
3 0.90078125 0.36953125 0.1984375 0.1671875
3 0.31484375 0.5390625 0.18984375 0.1578125
3 0.3296875 0.7046875 0.24453125 0.16640625
3 0.36015625 0.87265625 0.253125 0.1671875
3 0.42734375 0.978125 0.2671875 0.04375
3 0.55625 0.70859375 0.215625 0.16484375
3 0.57421875 0.86796875 0.18984375 0.16171875
3 0.6578125 0.97421875 0.19453125 0.0515625
3 0.9078125 0.97734375 0.184375 0.04453125
3 0.765625 0.86796875 0.20703125 0.16171875
3 0.93359375 0.86640625 0.1328125 0.16484375
3 0.925 0.70703125 0.14921875 0.16875
3 0.75859375 0.70703125 0.19296875 0.16875
3 0.50625 0.5421875 0.2 0.175
3 0.69453125 0.53671875 0.1875 0.16015625
3 0.88125 0.53828125 0.19296875 0.1703125