3 0.261141859375 0.61181946875 0.2651733625 0.5273295390625 0.24602372187500002 0.4672972203125 0.0323290140625 0.41574072968750003 0.01824379375 0.51621244375 0.027314675 0.6207131453125 0.24199221875000002 0.6629581109375 0.261141859375 0.61181946875
3 0.4113153515625 0.891970290625 0.3982129671875 0.8208208750000001 0.34983492968749996 0.776352490625 0.30951989687500003 0.78969300625 0.2802915 0.7541182984375 0.277267871875 0.711873334375 0.1935543265625 0.6579629515625001 0.166401534375 0.8452784859375001 0.36696881718749996 1 0.40929960000000004 0.9520026078124999 0.4113153515625 0.891970290625
3 0 0.9986944125000001 0.21578744843750003 1 0.220826828125 0.8941937093749999 0 0.8452784859375001 0 0.9986944125000001
3 0.5030320500000001 0.7185435906250001 0.5171423109375 0.6540644343750001 0.5141186828125 0.58291501875 0.4889217875 0.5251061203125 0.29432014687499997 0.591296284375 0.2752521203125 0.651841015625 0.276259996875 0.7252138484375 0.3075041453125 0.78969300625 0.5030320500000001 0.7185435906250001
3 0.460701265625 0.23606162187500002 0.4153468546875 0.1649122078125 0.38309482968749997 0.18047614218750002 0.28835450625000003 0.5251061203125 0.2923048296875 0.58462961875 0.38309482968749997 0.565127665625 0.468764271875 0.28942368281249997 0.460701265625 0.23606162187500002
3 0.165339896875 0.211296284375 0.1563227765625 0.38725412812500004 0.3155671515625 0.440616190625 0.35890581093749996 0.2738597484375 0.165339896875 0.211296284375
3 0.45364613593750003 0.5406700546875001 0.47682727812500003 0.52065928125 0.5362919500000001 0.055964665625 0.4979926703125 0 0.472795775 0.0026026046875 0.43147286874999996 0.004826024999999999 0.4264334890625 0.18492298125 0.46170914218750003 0.24717871875 0.4657406453125 0.296093940625 0.4062759734375 0.49175483125 0.41221615624999997 0.526851840625 0.40929960000000004 0.5228827 0.413331103125 0.5384466359375 0.45364613593750003 0.5406700546875001
3 0.6007960015625 0.2582958140625 0.5977723734375 0.06485834375 0.571567603125 0.084869115625 0.5534258390625 0.17158246562499999 0.566528225 0.25162555625 0.6007960015625 0.2582958140625
3 0.6058353796875 0.774129071875 0.60684325625 0.46952063906249997 0.5645124734375 0.3027641984375 0.532260446875 0.28053000625 0.507063553125 0.3183281328125 0.49496904375 0.416158578125 0.5846699890625 0.7719056531249999 0.6058353796875 0.774129071875
3 0.587693615625 0.33833890625 0.586685740625 0.37169019375 0.6018038765625 0.45618012500000005 0.6058353796875 0.3316686484375 0.587693615625 0.33833890625
3 0.38309482968749997 0.1871464 0.404260221875 0.173805884375 0.420386234375 0.1871464 0.4183704828125 0.1093267265625 0.2268740828125 0.0581880859375 0.2006693125 0.113773565625 0.198653559375 0.1826995609375 0.20974019375 0.21605085000000002 0.20974019375 0.21827426874999997 0.35890581093749996 0.260519234375 0.38309482968749997 0.1871464