1 0.42734375 0.74375 0.8546875 0.5125
1 0.87265625 0.51875 0.2546875 0.37734375
5 0.1192979890625 0.8888024 0.1583689234375 0.8739448515625 0.1622760171875 0.8719897 0.1914489828125 0.8512675390625001 0.20186789843750003 0.8383649312499999 0.21358917812499997 0.8297631921875 0.21176586875 0.8145146546875001 0.198221278125 0.81607860625 0.1836347953125 0.8055219265625 0.1667755546875 0.8068488625000001 0.13831251093750002 0.8192065124999999 0.0729889875 0.8402804843749999 0.06866409531249999 0.8720135515624999 0.074741796875 0.8941695468749999 0.0860289546875 0.9032926031249999 0.1192979890625 0.8888024
5 0.3086686890625 0.9691826671875001 0.3120176265625 0.9373450625 0.291924003125 0.9390207265624999 0.290249534375 0.9599665187499999 0.2768537859375 0.999344609375 0.31425025156249997 1 0.3086686890625 0.9691826671875001
5 0.3722984984375 0.9499125375 0.3700658734375 0.93650723125 0.3661587796875 0.92561541875 0.3577864359375 0.9239397546875001 0.3533211875 0.92561541875 0.35220487500000003 0.9247775859375 0.345507 0.91639926875 0.33936728125000004 0.919750596875 0.3293204703125 0.9331559031250001 0.3136625625 0.9990649203125 0.3650424671875 1 0.37174034218749996 0.9666691734375 0.3722984984375 0.9499125375
5 0.6374227 0.9289667453125 0.6474695125000001 0.9331559031250001 0.6580744796875 0.9356693984375 0.6692376046875 0.9339937359375 0.683749665625 0.92645325 0.695470946875 0.9180749328125 0.72449506875 0.8988048031250001 0.73565819375 0.8937778125 0.74458869375 0.8895886546874999 0.7507284109375 0.8803725046875 0.7524028796875 0.865291534375 0.7479376296875 0.8510483953125 0.7395652875 0.8359674234375 0.7217042874999999 0.8351295921874999 0.7060759140624999 0.8485349 0.682075196875 0.8569132171874999 0.6642141984375 0.8678050296875 0.6502602921875 0.8745076828125 0.64356241875 0.8812103375 0.639655325 0.8912643171875001 0.6339750625 0.9052782859375 0.6223524828125 0.9113722781250001 0.6223524828125 0.9247775859375 0.6273758875000001 0.9348315671874999 0.6374227 0.9289667453125
5 0.4294661046875 0.8465609468749999 0.43728029062499996 0.8528167578125 0.47036035 0.8950434765624999 0.485467778125 0.9185027640625 0.4966681125 0.930623396875 0.5076079734375 0.938443159375 0.517245471875 0.94391699375 0.5315714812500001 0.94430798125 0.534957628125 0.950172803125 0.545116071875 0.9545613749999999 0.55162789375 0.9381398734375 0.5409485046875 0.9236733125000001 0.5386042484375 0.9072518109375001 0.5344366828125 0.88926635625 0.52610155 0.8763637484375 0.5146407421875 0.864634103125 0.49614716562499994 0.8419567921875 0.464109 0.8059858828124999 0.4565552859375 0.7946472265625 0.44431305937500004 0.78213560625 0.43728029062499996 0.7774437484375001 0.4294661046875 0.7747068328125 0.42295428125 0.780180665625 0.417223878125 0.7887824046875 0.41019110937500003 0.79738414375 0.41019110937500003 0.810286753125 0.4096571125 0.81832095625 0.4135772578125 0.8270115406249999 0.41852624218749995 0.8356132796875 0.4234752265625 0.8403051375 0.4294661046875 0.8465609468749999
5 0.243804034375 0.8848923078125001 0.27297699999999997 0.87589958125 0.29068915624999997 0.8708167359375001 0.2990242890625 0.8657338890625 0.30319185625 0.8598690671875 0.3037128015625 0.8520493046875 0.3050151671875 0.8442295421875 0.3050151671875 0.8368007671875001 0.30162901875000003 0.8324998984375 0.3008476 0.8258531 0.3026709109375 0.8207702546875 0.30006618125 0.8133414796875 0.294335778125 0.8082586328125 0.2901682109375 0.8059127046875 0.2839168609375 0.8059127046875 0.2745398375 0.8078676453125 0.24614829062500002 0.818424325 0.22244525781250002 0.8254621109375 0.21358917812499997 0.8289810046874999 0.2060354640625 0.8336728625 0.1987422234375 0.8430565781249999 0.180248646875 0.8602600562499999 0.173736825 0.8649519140624999 0.1622760171875 0.8688617953125 0.16201554375 0.874335628125 0.1630574359375 0.8852832968750001 0.1661831109375 0.8895841656249999 0.1789462828125 0.8860652734375 0.18129053906249998 0.8825463796875 0.218277690625 0.8942760234374999 0.243804034375 0.8848923078125001
5 0.20317026249999998 0.7773705703125 0.21098445 0.789491203125 0.21801721718749997 0.7961380015625 0.22713376875 0.7988749187499999 0.250055384375 0.7988749187499999 0.27297699999999997 0.7984839296875 0.289647265625 0.8016118359375 0.3029313828125 0.8035667765625 0.32324826875 0.8051307281250001 0.325332053125 0.7945740484375 0.326894890625 0.7836263812500001 0.3308019828125 0.774633653125 0.3334067125 0.7711147609375 0.3331462390625 0.7629040093749999 0.33210434843750003 0.75312930625 0.3274158359375 0.7488284359375 0.322206378125 0.747655471875 0.3130898265625 0.7460915203125 0.3076198953125 0.74570053125 0.2758422015625 0.7460915203125 0.2552648421875 0.7449185546875 0.2385945765625 0.7425726265625 0.22713376875 0.7410086734375 0.219840528125 0.7445275671875 0.21072397656250003 0.7519563421875 0.20395168125000002 0.7570391875 0.1898654453125 0.7581411984375 0.1893651984375 0.7652499390624999 0.1893651984375 0.7730697015625 0.1898861453125 0.7773705703125 0.20317026249999998 0.7773705703125
5 0.13831251093750002 0.7617310453125 0.1416986578125 0.7629040093749999 0.15055473749999998 0.757430175 0.17321587968750002 0.7664229031249999 0.1917094546875 0.7597761046875 0.210463503125 0.7511743656250001 0.23234322812500002 0.739444721875 0.241459778125 0.7300610062499999 0.24562734531250002 0.72263223125 0.24119930625000002 0.709338634375 0.23807363124999997 0.6987819546875 0.24015741406250002 0.69213515625 0.2362503203125 0.68392440625 0.22843613437500002 0.6815784765624999 0.220621946875 0.6807965 0.20994255781249999 0.6843153937500001 0.16357838125 0.7097296234375 0.1568060859375 0.72263223125 0.1495128453125 0.7351438515625001 0.1440429140625 0.739835709375 0.1398753484375 0.743745590625 0.1354473078125 0.74530954375 0.13570778125 0.755475234375 0.13831251093750002 0.7617310453125
5 0.0185264671875 0.827808040625 0.037020043749999995 0.8258531 0.0755700328125 0.8258531 0.0878122578125 0.8270260640625 0.1026592140625 0.82976298125 0.1026592140625 0.8258531 0.1026592140625 0.81490543125 0.1037011046875 0.8082586328125 0.1096919828125 0.8023938109375001 0.11985042500000001 0.7957470125 0.138083528125 0.7847993453125001 0.136520690625 0.7828444046875 0.12271562656249999 0.7715057484375001 0.112557184375 0.7699417953125 0.08650989375 0.7699417953125 0.038843353125 0.7664229031249999 0.004981876562499999 0.7660319140625 0.0008029453125000001 0.7733815265625 0 0.8246801359375 0.004721403125000001 0.827808040625 0.0185264671875 0.827808040625
5 0.027122073437499998 0.763294996875 0.033373421874999996 0.758603140625 0.0346757875 0.755475234375 0.0424899734375 0.755084246875 0.0487413234375 0.7527383171875 0.05499267343749999 0.747655471875 0.0620254421875 0.7410086734375 0.072183884375 0.7269331015625 0.08494705625 0.7066017171875 0.10135685000000001 0.680014525 0.1115152921875 0.6678938921875 0.111775765625 0.6546002953125 0.107868671875 0.6432616390625 0.10213826875000001 0.6377878046875 0.0956264453125 0.6346599 0.0883332046875 0.6370058296875001 0.0773933421875 0.64951745 0.0711419921875 0.66163808125 0.038843353125 0.69917294375 0.0315501125 0.7097296234375 0.026861600000000003 0.7163764203125 0.0242568703125 0.7288880421874999 0.0239963984375 0.7390537328125 0.0219126140625 0.739835709375 0.0218966953125 0.7409469828125 0.0185264671875 0.7484374484375 0.019568359375 0.7566482 0.0232149796875 0.762513021875 0.027122073437499998 0.763294996875
5 0.0187801921875 0.6429716859375 0.0443065359375 0.6511824374999999 0.0529021421875 0.6527463906250001 0.0737399734375 0.6554833062500001 0.0872845640625 0.637497853125 0.10213152031249999 0.6363248875 0.1076014515625 0.6441446515625 0.11176901718750001 0.6511824374999999 0.112810909375 0.6511824374999999 0.11906225781249999 0.649618484375 0.12401124375000001 0.65079145 0.12896022812500002 0.6488365093749999 0.1339092140625 0.6437536625 0.12791833749999998 0.6371068640625001 0.12088556875 0.6351519234375 0.113592328125 0.6230312921875 0.104996721875 0.6175574578125 0.0935359140625 0.6124746125 0.07973084999999999 0.6081737421875 0.0552463984375 0.599572003125 0.0331062015625 0.5964440984375 0.01851971875 0.5905792765625 0.013570734374999999 0.5909702640625001 0.009663640625 0.6081737421875 0.0049751281250000005 0.630069078125 0.0062774921875 0.6382798296875001 0.0187801921875 0.6429716859375
5 0.780273615625 0.635126665625 0.7847016546875001 0.6441193921874999 0.7974648265625001 0.6789173359375 0.8013719203124999 0.681263265625 0.8044975953125 0.685173146875 0.8047580671875 0.693383896875 0.8034557031249999 0.696902790625 0.805799959375 0.7015946484375 0.808925634375 0.7141062687499999 0.81074894375 0.7230989953125 0.8175212390625 0.7313097468749999 0.8279401562500001 0.7301367828124999 0.8344519781249999 0.7266178890625 0.8420056921875 0.7172341734375001 0.842266165625 0.70667749375 0.8407033281249999 0.6937748859374999 0.8125722546875 0.6226150453125 0.8078837421875 0.6101034234375 0.8024138109375001 0.603456625 0.7951205703124999 0.59876476875 0.7935577328125001 0.597591803125 0.7899111125 0.5909450046875 0.78600401875 0.5925089578125 0.7831388171875 0.5956368624999999 0.7828341953125 0.5975315859375 0.7836597624999999 0.604629590625 0.780273615625 0.6155772578125001 0.7794921968749999 0.6288708546875 0.780273615625 0.635126665625
5 0.7219276859375 0.6871280875 0.72244863125 0.6871280875 0.7268766703125 0.6926019218749999 0.731304709375 0.696902790625 0.7365141671875 0.7000306953125001 0.747714503125 0.6953388375 0.7524030140625 0.6855641343750001 0.7578729453124999 0.6843911703125001 0.7695942265625 0.6781353593749999 0.7833992890625 0.6722705375 0.7823573984375 0.654676071875 0.77897125 0.6452923562499999 0.771678009375 0.63747259375 0.763863821875 0.635126665625 0.7552682171875 0.6335627125000001 0.7458911921875 0.639036546875 0.7357327484375 0.6402095109375 0.728960453125 0.6437284046875 0.7234905234375 0.646856309375 0.7221881578125 0.6495932265625 0.7180205921875 0.656240025 0.7172391734375 0.6628868234375 0.711248296875 0.6664057156250001 0.7078621484375 0.6726615265625 0.7094249859375 0.6840001828125 0.71463444375 0.6871280875 0.7219276859375 0.6871280875
5 0.8781855578125001 0.6992487203125 0.8925115671875 0.710587375 0.8990233906249999 0.7203620796875 0.9044933203125 0.719971090625 0.9084004140624999 0.7160612093750001 0.9086608875 0.7101963875 0.90475379375 0.7000306953125001 0.9037119015625 0.68360919375 0.90162811875 0.67187955 0.8953767687499999 0.654676071875 0.8886044734375 0.6417734640625 0.8698504249999999 0.6042386015625001 0.86438049375 0.5999377328125 0.8560453609374999 0.59915575625 0.8497940125 0.6042386015625001 0.8466683375 0.608930459375 0.8422091953124999 0.6201966890625 0.8425007703125 0.6304348078124999 0.8659433312499999 0.6804812890624999 0.8716737359375 0.6898650046875 0.8781855578125001 0.6992487203125
5 0.815657440625 0.5350589609374999 0.8169598062500001 0.5440516875 0.819564534375 0.5463976171875 0.8271182484375 0.5495255218749999 0.83545338125 0.5506984859374999 0.8430070953125 0.5510894734375 0.8633239828124999 0.5530444140624999 0.8760871546875 0.557345284375 0.894059784375 0.56281911875 0.8992692421875 0.56321010625 0.907604375 0.5600822015625 0.914897615625 0.5530444140624999 0.9247955859375001 0.5561723203125 0.927400315625 0.549916509375 0.9263584234375 0.5424877343750001 0.9247955859375001 0.5377958781250001 0.9169814000000001 0.5370139015625 0.9096881578125 0.5272391984375 0.8977064046875001 0.5198104234375001 0.8841618140625 0.51707350625 0.8732219515624999 0.5159005421875 0.8588959421875 0.5143365890625 0.8453513515625 0.511208684375 0.8333695984375 0.5080807796875 0.825815884375 0.5069078140625 0.8193040625 0.50925374375 0.817220278125 0.5139456015625 0.817220278125 0.5221563515625001 0.8159179140624999 0.5299761140625 0.815657440625 0.5350589609374999
5 0.43076959375 0.7617310453125 0.43363479531250004 0.7644679625 0.442751346875 0.7664229031249999 0.4526493171875 0.7750246421875 0.46332870625 0.7828444046875 0.49432498125 0.8047397406250001 0.5050043703125 0.809040609375 0.5177675421875 0.8172513609375001 0.5258422015625001 0.8231161828125 0.5320935515625 0.8305449578124999 0.536521590625 0.8364097796875001 0.5461590875 0.8305449578124999 0.5518894921874999 0.8336728625 0.55709895 0.8383647203125 0.5599641515625 0.8383647203125 0.5638712453125 0.8336728625 0.565955028125 0.83015396875 0.5662155015625 0.8235071703125 0.5617874625 0.8176423484375 0.5555361125 0.8133414796875 0.55162901875 0.8082586328125 0.5487638171875 0.7957470125 0.542772940625 0.7832353921874999 0.5328749703125 0.773851678125 0.503181059375 0.7523473296875001 0.4820827546875 0.735534840625 0.46411012500000004 0.7206772906250001 0.45108647968750004 0.7097296234375 0.441188509375 0.709338634375 0.43441621406250003 0.7140304921875 0.4312905390625 0.7218502546875001 0.426341553125 0.7312339703124999 0.42556013437500007 0.7421816375 0.426341553125 0.7527383171875 0.43076959375 0.7617310453125
5 0.19326554375 0.5659217640625 0.19639121875 0.574523503125 0.198475003125 0.5788243734375 0.20420540625 0.5815612906250001 0.2180104703125 0.5862531484375 0.23259695156250002 0.597591803125 0.24431823281249998 0.5983737796875 0.2552580953125 0.5948548875 0.262030390625 0.5964188390625 0.2656770109375 0.5905540171875 0.26593748281249996 0.5807793140624999 0.2609884984375 0.5733505390625 0.258123296875 0.5749144921875 0.25187194687500003 0.5620118828125 0.2450996515625 0.5565380484375 0.23598309999999997 0.5502822390625 0.22947127812499998 0.5498912515625001 0.2117591203125 0.5405075359375 0.20132377968749998 0.5408688265625 0.197693584375 0.5459813687499999 0.19482838125 0.551455203125 0.193005071875 0.558883978125 0.19326554375 0.5659217640625
5 0.1125414390625 0.5437364765625 0.116969478125 0.549210309375 0.126346503125 0.54647339375 0.1341606890625 0.5406085703125 0.13989109375 0.5347437484374999 0.1474448078125 0.5312248562499999 0.1513519015625 0.529660903125 0.1586451421875 0.53200683125 0.160728925 0.5398265953125 0.1641150734375 0.5433454875 0.16776169375 0.5406085703125 0.17245020625000002 0.5347437484374999 0.1760968265625 0.5339617734375001 0.1826086484375 0.5355257250000001 0.18547385 0.5363077015625 0.19094378125 0.5402175828125 0.1964137125 0.5386536296875 0.20058127812499998 0.5347437484374999 0.20500931875 0.5269239859375 0.20761404687499999 0.5265329984375 0.211521140625 0.5245780578125 0.21334445156249998 0.5155853296874999 0.2117816140625 0.5144123656249999 0.205269790625 0.514803353125 0.1990184421875 0.5077655671875 0.1912042546875 0.5038556859375001 0.18469243125 0.5019007453125 0.169585003125 0.5034646984375 0.1570823046875 0.5054196390625 0.13702589062499998 0.5054196390625 0.1268674484375 0.5054196390625 0.1213975171875 0.5058106265625 0.11512586250000001 0.5053080609375 0.11149954687500001 0.5128484125 0.11123907343749999 0.5214501515625 0.11123907343749999 0.5335707843749999 0.1125414390625 0.5437364765625
5 0.5573369296874999 0.7367330625 0.5750490859374999 0.74064294375 0.5867703671875 0.74377085 0.6055244156249999 0.751199625 0.616464278125 0.7515906125 0.626101775 0.7531545656249999 0.6352183265625 0.761365315625 0.638083528125 0.7617563046875 0.6521490640625001 0.7605833390625001 0.6581399421875 0.7582374109375001 0.6701216953125 0.749635671875 0.6703821671875 0.7488536953125 0.674549734375 0.7355600984375 0.672986896875 0.7285223125 0.669079803125 0.7242214421875001 0.6685588578125 0.718747609375 0.6693402765625 0.7164016796875 0.6701216953125 0.7062359890625001 0.6646517640625 0.699589190625 0.6552747390625 0.696070296875 0.6456372421875 0.698416225 0.5872913125 0.7031080828125 0.5797375984375 0.7034990718749999 0.5536903093750001 0.7242214421875001 0.541969028125 0.7296952765625 0.529987275 0.7293042890625 0.5299696125 0.7413377609375 0.541187609375 0.7367330625 0.54848085 0.7359510874999999 0.5573369296874999 0.7367330625
5 0.4341075265625 0.9739843546875001 0.43020043281250003 0.958996475 0.42672746093749997 0.9518283593750001 0.42108388124999996 0.945311890625 0.41109908749999996 0.9427053031250001 0.399811928125 0.945311890625 0.39330010625 0.9524800062500001 0.3902612546875 0.9661645906249999 0.38852476875 0.9857139984375 0.3902612546875 0.9980952890625 0.43844874218749996 1 0.4388828625 0.9967919953125 0.4341075265625 0.9739843546875001
5 0.4167201734375 0.64885465 0.45969820156249996 0.5784767859375 0.4583958375 0.5687020828125 0.4536205 0.561533965625 0.45058165 0.5621856140625 0.4484110421875 0.551107615625 0.44406982812500007 0.551107615625 0.4397286125 0.5439395 0.43712388437499994 0.5452427937500001 0.431914425 0.54784938125 0.42844145312500004 0.55306255625 0.386754909375 0.61813425 0.379385725 0.649506296875 0.3802539671875 0.6664491171875 0.39240936875 0.6690557046875 0.4167201734375 0.64885465
5 0.612943090625 0.8162858046875 0.6268349796875 0.8182407453125 0.635517409375 0.8117242765625001 0.63899038125 0.7947814578125 0.63899038125 0.773277109375 0.6342150453125 0.7556826437499999 0.61728430625 0.75046946875 0.610772484375 0.751121115625 0.5508637171874999 0.7348299421875 0.5330647359375 0.740694765625 0.5204752125 0.7465595875 0.5143975109375 0.74786288125 0.4992032578125 0.7413464125 0.497466771875 0.7485145281250001 0.51656811875 0.762850759375 0.53740595 0.777186990625 0.5439177734375 0.7843551062499999 0.5495153265625 0.7985432640625 0.5690968203125 0.8045561609374999 0.585159315625 0.8110726296875 0.6003535671875 0.8110726296875 0.612943090625 0.8162858046875
5 0.6155178296875 0.9217263078125001 0.6302779593750001 0.9067384296875 0.6359215390624999 0.9002219609375001 0.6441698484375 0.87741431875 0.6541546421875 0.8708978500000001 0.6480769421875 0.8487418546875001 0.6450380906250001 0.8474385609375 0.6398286328125 0.8526517374999999 0.6311462031249999 0.852000090625 0.6146495859375001 0.8474385609375 0.602494184375 0.852000090625 0.58729993125 0.861123146875 0.576012771875 0.871549496875 0.5773151375000001 0.8956604312499999 0.5773151375000001 0.9243328953125 0.58122223125 0.9419273609375001 0.6155178296875 0.9217263078125001
5 0.5330534890624999 0.7185808687499999 0.534789975 0.729658865625 0.5443406468750001 0.7303105125 0.5473794984375 0.7146709875 0.548247740625 0.706199578125 0.5538913203125 0.6938182859375 0.5543254421875 0.6677524109374999 0.5530230781250001 0.6364733593749999 0.5508524703125001 0.5784767859375 0.5508524703125001 0.5654438484375001 0.5426041609375 0.55306255625 0.5295805171875 0.5504559687499999 0.5217663296875 0.55306255625 0.516556871875 0.5680504359375 0.5204639656250001 0.6651458234375001 0.5217663296875 0.6873018171874999 0.5287122734375 0.703592990625 0.5330534890624999 0.7185808687499999
5 0.22749755781249997 0.6664491171875 0.254413090625 0.6820886421875 0.27655328749999997 0.6788304078125 0.29825936249999996 0.6716622921875001 0.3039029421875 0.6710106453125 0.28653808281250004 0.65276453125 0.2717779515625 0.641686534375 0.240521203125 0.61887889375 0.228799921875 0.6201821875 0.22315634375 0.63451841875 0.2214198578125 0.64885465 0.2214198578125 0.6579777078125 0.22749755781249997 0.6664491171875
5 0.5131063921875 1 0.505726328125 0.9836748609375 0.5061604484375 0.9589122796874999 0.49964862656250003 0.9367562843749999 0.4636165421875 0.8826695921875001 0.43756925156250004 0.8553004218750001 0.4171655421875 0.8390092499999999 0.4093513546875 0.8533454812500001 0.4084831109375 0.8683333609374999 0.414126690625 0.8878827671874999 0.4488564109375 0.95044086875 0.4605776921875 0.9810682734375 0.4844543734375 1 0.5131063921875 1
5 0.8095551437499999 0.770018875 0.8290906109374999 0.778490284375 0.835602434375 0.7895682828125 0.8351683124999999 0.8097693359375 0.830827096875 0.8312736828125 0.8477578359375 0.8462615625 0.8555720234375 0.846913209375 0.860347359375 0.83713850625 0.8651226968750001 0.8286670953125 0.870766275 0.8201956859375 0.8712003968750001 0.8058594546875 0.863386209375 0.7902199296875 0.8490602 0.780445225 0.7887173125 0.7152805359375 0.7709183312500001 0.7074607734375 0.76006529375 0.7068091265625001 0.747909890625 0.6950794828125 0.7405298250000001 0.7094157140624999 0.741832190625 0.7107190078125 0.74921225625 0.7198420640625 0.7570264421874999 0.74264970625 0.7670112375 0.7530760562500001 0.8095551437499999 0.770018875
5 1 0.5850774515625 0.93883824375 0.623995915625 0.9367283765625001 0.6372092031250001 0.9402013484375 0.650242140625 0.9462790484375001 0.6632750781250001 0.9519226281250001 0.6691399 0.9606050578125 0.665881665625 1 0.6372092031250001 1 0.5850774515625