1 0.5 0.54375 1 0.9125
5 0.762325721875 0.9085556296874999 0.7394842515625 0.7553475859375001 0.60604198125 0.8022112218749999 0.6216703546875 0.9265801046875 0.71664278125 0.9337898953125 0.7454951640624999 0.9428021328125 0.762325721875 0.9085556296874999
5 0.55675249375 0.9319874468749999 0.5363153890625 0.7499402421875 0.4315905203125 0.8072119046875 0.44735387656250003 0.9013458390625001 0.48101498906250006 0.955419265625 0.526697928125 0.9680363984374999 0.55675249375 0.9319874468749999
5 0.8847155203125 0.33162192031250004 0.8585003312499999 0.418289890625 0.9462596609375 0.4975975828125 0.983527321875 0.376833596875 0.8847155203125 0.33162192031250004
5 0.78156064375 0.7589524812499999 0.806806478125 0.6814472359375 0.8248392171875001 0.630978703125 0.7442929828125 0.5534734578125 0.71063186875 0.5967322 0.6901947640625 0.64720073125 0.7118340515625 0.677842340625 0.7094296859375 0.751742690625 0.735877703125 0.7733720609375 0.78156064375 0.7589524812499999
5 0.31631597031249997 0.376833596875 0.360796728125 0.40206786250000004 0.37402073593749996 0.33717975 0.3932556578125 0.31194548437499997 0.355987996875 0.2542671609375 0.27654244375000003 0.2703716953125 0.2886657703125 0.297525903125 0.283857040625 0.38764828125 0.3042941453125 0.39666051874999997 0.31631597031249997 0.376833596875
5 0.317518153125 0.645398284375 0.262217753125 0.654410521875 0.21533263125 0.6634227593750001 0.17437898125 0.688314409375 0.19008679687500002 0.8472724109374999 0.3583923625 0.7787794046875 0.345168353125 0.6652252078124999 0.317518153125 0.645398284375
5 0.4389385984375 0.69406436875 0.45216260625000004 0.7174961859375 0.5242935640625 0.695866815625 0.5351132062499999 0.6508056265625 0.5291022937500001 0.603941990625 0.5110695546875 0.5787077234375 0.46057788437499997 0.5787077234375 0.4051482125 0.562211003125 0.383638196875 0.6652252078124999 0.3848403796875 0.6724349968750001 0.4148949453125 0.6670276546875 0.4389385984375 0.69406436875
5 0.6685554781249999 0.7895940890625 0.67697075625 0.7409280046875 0.6144572593750001 0.6724349968750001 0.57839178125 0.6385692578125 0.5758212890625 0.637873046875 0.5387197546875 0.7823842984375 0.6168616250000001 0.8364577265625 0.625276903125 0.8022112218749999 0.6685554781249999 0.7895940890625
5 0.7118340515625 0.382621703125 0.6913969468750001 0.341165409375 0.6395232125 0.346530946875 0.63369218125 0.42768289375 0.6433096421875 0.49257100625000005 0.7202493296875 0.45652205468749996 0.7118340515625 0.382621703125
5 0.9258225578125 0.8314311484375001 0.8272435828125 0.901726603125 0.8246193671875 0.9049888812500001 0.8464785046875001 0.997256325 0.9246203749999999 0.9341706593750001 0.945057478125 0.9305657640625 0.9258225578125 0.8314311484375001
5 0.235677059375 0.1172461328125 0.2357697359375 0.17495946874999999 0.31270942343749997 0.20920597187499998 0.333146528125 0.11908359375 0.235677059375 0.1172461328125