5 0.5859375 0.759375 0.1671875 0.4375
5 0.825 0.72421875 0.2859375 0.525
5 0.415625 0.78046875 0.16328125 0.39140625
5 0.2703125 0.79453125 0.12421875 0.38125
5 0.11953125 0.80703125 0.16171875 0.33828125
5 0.9 0.18515625 0.0953125 0.30859375
5 0.4875 0.26015625 0.1125 0.4
5 0.63359375 0.184375 0.090625 0.3140625
5 0.725 0.18203125 0.0859375 0.3125
5 0.81484375 0.18203125 0.08125 0.3125
5 0.36640625 0.2625 0.115625 0.4046875
5 0.23828125 0.26796875 0.11796875 0.4015625
5 0.1078125 0.24453125 0.11796875 0.44140625