6 0.1612694421875 0.6872535953125001 0.2290618546875 0.6672428218750001 0.2912975140625 0.6589050000000001 0.3857623515625 0.6238861484375 0.39020775625000004 0.54884575 0.3457537140625 0.5238322828124999 0.253511578125 0.49048099531249995 0.20905753593749998 0.48547830156250005 0.1679375484375 0.3837568734375 0.1390424203125 0.3970973875 0.1167592359375 0.426805546875 0.11014729375000001 0.5204971546875 0.0979224328125 0.5871997312499999 0.113481346875 0.6472320500000001 0.1612694421875 0.6872535953125001
6 0.5224585296875001 0.52216471875 0.5224585296875001 0.48547830156250005 0.501342859375 0.4604648359375 0.46133422187499995 0.43378380468750005 0.4491093609375 0.45045944843749997 0.44132990312500003 0.49048099531249995 0.474670434375 0.5421754921875 0.506899615625 0.54884575 0.5224585296875001 0.52216471875
6 0.54468555 0.8023155390625 0.5157904234374999 0.7472859140625 0.493563403125 0.727275140625 0.43910720156250005 0.7339453984375 0.41910288281249997 0.7522886078125001 0.4091007234375 0.8156560546874999 0.464668275 0.86068029375 0.5491309546875 0.825661440625 0.54468555 0.8023155390625
5 0.6158120171875 0.9523963359375 0.7002746953125001 0.967404415625 0.7069428015625 0.9323855640625001 0.7002746953125001 0.8690181156250001 0.676936325 0.8490073421875 0.601364453125 0.8590127296875 0.546908253125 0.8773559375 0.52356988125 0.899034275 0.5023147921875 0.8951388796874999 0.501342859375 0.9257153062500001 0.51023366875 0.955731465625 0.56468986875 0.9523963359375 0.6158120171875 0.9523963359375
2 0.151672321875 0.8216733125 0.202547503125 0.7935100015625001 0.2326774640625 0.7705346703125 0.27021643281249996 0.719396028125 0.2731800359375 0.696420696875 0.2662649625 0.6667751078124999 0.24700154375 0.6482466140625001 0.22477452343749998 0.65417573125 0.1684660703125 0.7179137484375 0.13487857187500002 0.7935100015625001 0.096831265625 0.8333950578125 0.0978335375 0.85280118125 0.10623041250000001 0.8639182765625 0.1185787578125 0.8616948578124999 0.151672321875 0.8216733125
5 0.6089846375 0.6742343843749999 0.6307177234375 0.6912805984375 0.7053017265625 0.6979508562500001 0.7512375703124999 0.6942451562499999 0.7764281937499999 0.6979508562500001 0.797667346875 0.6875749 0.7961855453125 0.655705890625 0.792234075 0.6312482796875 0.7863068703125 0.5971558515625001 0.7700070546875 0.5867798953125 0.738889225 0.5941912921875 0.6154057765625 0.5934501531249999 0.597624159375 0.6171666250000001 0.5749032046875 0.6216134624999999 0.570951734375 0.64014195625 0.5753971390625 0.655705890625 0.5966362921874999 0.6594115890625 0.6089846375 0.6742343843749999
6 0.851965940625 0.49729350468750005 0.8845655718750001 0.4557896796875 0.8806141015625 0.4298497890625 0.8672778890625 0.41725041406249996 0.852953809375 0.412803575 0.8480144703124999 0.41873269375 0.8203541781249999 0.47283589375 0.8262813843749999 0.499516925 0.84159333125 0.506928321875 0.851965940625 0.49729350468750005
6 0.4050262359375 0.38167570624999997 0.40749590468749997 0.357959234375 0.4020626328125 0.3305370640625 0.35217531874999997 0.3120085703125 0.33340583437500004 0.31274971093750004 0.3299482984375 0.3423953 0.3299482984375 0.3624060734375 0.387738553125 0.39946305937500004 0.4050262359375 0.38167570624999997
5 0.8889981796875001 0.3890392234375 0.919128140625 0.3927449234375 0.9413551625000001 0.38755694375 0.951727771875 0.3742164296875 0.9606185796875 0.369769590625 0.9625943156250001 0.3504999578125 0.9556792421875 0.34160628125 0.946788434375 0.3453119796875 0.9354279562500001 0.3327126046875 0.9052979953125 0.3379005828125 0.8880103125 0.3423474203125 0.8652893578124999 0.3356771625 0.8529410125 0.3393828609375 0.8470138078125 0.360134775 0.8524470796875001 0.38311010625 0.8638075562499999 0.3942272015625 0.8889981796875001 0.3890392234375
6 0.7013161343750001 0.3290069046875 0.709219075 0.322336646875 0.7097130078125 0.3038081546875 0.6963767953125 0.288985359375 0.6860041859375 0.2934321984375 0.660319628125 0.2897264984375 0.6568620921874999 0.2986201765625 0.6578189203125 0.29858024375 0.65340455625 0.3238189265625 0.663777165625 0.3438297 0.6805709140625 0.34160628125 0.7013161343750001 0.3290069046875
6 0.7314460953124999 0.3734752890625 0.7561427843749999 0.3712518703125 0.75663671875 0.3482765390625 0.7502155796875 0.3290069046875 0.730458228125 0.31714866875 0.7121826765625 0.3215955078125 0.676090525 0.3430246875 0.679583046875 0.3579113546875 0.692919259375 0.371993009375 0.7047736703124999 0.382368965625 0.7314460953124999 0.3734752890625
6 0.815414840625 0.37051073125 0.8391236624999999 0.3712518703125 0.8494962718749999 0.3579113546875 0.8583870812500001 0.3356771625 0.88505950625 0.3430885609375 0.8880231078125 0.3245600671875 0.8677718234375 0.3089961328125 0.8292449875000001 0.288985359375 0.7773819375000001 0.260080909375 0.7630578578125 0.3089961328125 0.7635517921874999 0.3393828609375 0.7897302828125 0.3638404734375 0.815414840625 0.37051073125
6 0.6180663015625 0.1982563140625 0.712901590625 0.0337232921875 0.718828796875 0.00037200468749999996 0.49049379687499994 0.006851840624999999 0.4802587734375 0.21382024843749997 0.48914958124999997 0.298310178125 0.5543488421875 0.3049804359375 0.6180663015625 0.1982563140625