5 0.81796875 0.6578125 0.23671875 0.29296875
5 0.65234375 0.8890625 0.2421875 0.221875
5 0.2125 0.571875 0.22109375 0.22578125
5 0.21171875 0.7328125 0.22890625 0.20546875
5 0.41015625 0.3140625 0.2 0.14296875
5 0.63671875 0.38203125 0.20234375 0.16171875
5 0.58984375 0.27578125 0.19921875 0.18515625
5 0.79453125 0.315625 0.19296875 0.18671875
5 0.4203125 0.6140625 0.22890625 0.23203125
5 0.41953125 0.8359375 0.25234375 0.24609375
5 0.0703125 0.13828125 0.140625 0.12109375
5 0.3703125 0.0984375 0.1828125 0.13984375
5 0.56875 0.1453125 0.18203125 0.13671875
5 0.9015625 0.13828125 0.19296875 0.1515625
5 0.9375 0.39140625 0.125 0.196875
5 0.9578125 0.6234375 0.084375 0.3046875
5 0.05625 0.5296875 0.11171875 0.20546875
5 0.05625 0.6921875 0.11171875 0.2109375
5 0.07734375 0.415625 0.15390625 0.18515625
5 0.21171875 0.30390625 0.2046875 0.16640625
5 0.07109375 0.26484375 0.1421875 0.16328125