0 0.4578125 0.28828125 0.1515625 0.1625
0 0.5234375 0.45703125 0.325 0.184375
0 0.584375 0.30859375 0.115625 0.153125
4 0.45390625 0.78125 0.36875 0.35625
3 0.146875 0.4140625 0.15703125 0.11015625
3 0.2609375 0.3515625 0.09453125 0.19296875
3 0.2390625 0.1578125 0.10625 0.11015625
1 0.8265625 0.8046875 0.3203125 0.3203125
2 0.0453125 0.75078125 0.07421875 0.409375
2 0.08984375 0.77578125 0.0625 0.39453125
2 0.1453125 0.87734375 0.06328125 0.21484375
5 0.78984375 0.4125 0.0703125 0.37421875
5 0.84375 0.42421875 0.0703125 0.36953125
3 0.12265625 0.221875 0.10078125 0.18828125