5 0.3671875 0.8984375 0.2640625 0.1328125
3 0.59609375 0.89296875 0.13515625 0.15703125
3 0.9140625 0.7171875 0.13671875 0.2421875
3 0.1140625 0.4828125 0.14609375 0.20859375
3 0.5625 0.1328125 0.18359375 0.18984375
2 0.81953125 0.09609375 0.275 0.128125
2 0.121875 0.1875 0.075 0.33046875
5 0.90234375 0.35 0.09921875 0.34140625
5 0.4421875 0.56953125 0.27421875 0.1359375
6 0.1484375 0.678125 0.2609375 0.13125
6 0.60234375 0.725 0.12421875 0.1359375
2 0.8328125 0.9125 0.275 0.109375
3 0.125 0.86015625 0.14375 0.16640625
6 0.33984375 0.17734375 0.2375 0.19296875
6 0.68370558125 0.5760608734375 0.666773890625 0.638115321875 0.732622190625 0.8428711796874999 0.82916813125 0.795588340625 0.7596550546875 0.5794382203125 0.68370558125 0.5760608734375