1 0.4515625 0.53984375 0.903125 0.734375
6 0.14921875 0.6890625 0.18203125 0.14453125
6 0.45 0.7171875 0.165625 0.221875
6 0.3 0.36953125 0.13046875 0.159375
6 0.403125 0.40546875 0.134375 0.19140625
6 0.525 0.4765625 0.14609375 0.14921875
6 0.74609375 0.540625 0.19765625 0.2234375
6 0.61328125 0.6890625 0.165625 0.2046875
6 0.290625 0.784375 0.1171875 0.13125
6 0.41875 0.88359375 0.0875 0.0859375
6 0.0484375 0.5984375 0.096875 0.18125
0 0.3453125 0.5859375 0.18671875 0.14296875
0 0.3026452421875 0.1409747453125 0.2099913109375 0.24989286875 0.2524111828125 0.31691940625 0.3059941796875 0.281730475 0.3495303640625 0.20464995625000001 0.3026452421875 0.1409747453125
6 0.63125 0.33671875 0.08203125 0.1140625
6 0.7171875 0.7875 0.13046875 0.1578125