6 0.10078125 0.21796875 0.15390625 0.3609375
6 0.165625 0.32890625 0.17109375 0.38671875
6 0.259375 0.12421875 0.16328125 0.159375
6 0.33671875 0.24296875 0.17734375 0.23046875
6 0.4296875 0.16015625 0.159375 0.1609375
6 0.52109375 0.26640625 0.2 0.22734375
6 0.58515625 0.1375 0.140625 0.11171875
6 0.71328125 0.27578125 0.1875 0.296875
6 0.646875 0.3609375 0.21328125 0.22734375
6 0.434375 0.40625 0.20078125 0.2390625
6 0.22421875 0.48515625 0.24140625 0.38984375
6 0.3578125 0.6828125 0.2515625 0.5375
6 0.62265625 0.63203125 0.2734375 0.52421875
6 0.85 0.57890625 0.22890625 0.50703125
1 0.49765625 0.49765625 0.96015625 0.92109375