1 0.50703125 0.5 0.9859375 1
6 0.59765625 0.553125 0.25 0.4640625
6 0.11484375 0.48046875 0.2296875 0.2828125
6 0.21015625 0.7671875 0.203125 0.2375
6 0.78203125 0.5421875 0.196875 0.3265625
6 0.77265625 0.15390625 0.20703125 0.28359375
6 0.92734375 0.64296875 0.1453125 0.2578125
6 0.69375 0.79765625 0.22265625 0.1953125
6 0.8078125 0.74609375 0.165625 0.13046875
6 0.4768287390625 0.071456221875 0.2437054921875 0 0.340080465625 0.3424354375 0.45468854218750004 0.3389613453125 0.567994253125 0.184364228125 0.4768287390625 0.071456221875
6 0.45989800000000003 0.3754393171875 0.340080465625 0.3598059 0.160354165625 0.6307851171875 0.315335540625 0.7541154015625 0.466409821875 0.5960441921874999 0.45989800000000003 0.3754393171875
6 0.648740853125 0.055822804687500005 0.5823202625 0.0176077875 0.5172020374999999 0.0210818796875 0.4779730640625 0.073061334375 0.5119925796875 0.16699376562499998 0.616181740625 0.279901771875 0.7177661703125 0.2260533390625 0.648740853125 0.055822804687500005
6 0.514210428125 1 0.5623741984375 0.9712461828125001 0.6704172484375001 0.9451904890625 0.6860379296875 0.9347682125000001 0.6587017375 0.8774456859375 0.58840866875 0.755852446875 0.561072475 0.68810764375 0.551960409375 0.627311025 0.514210428125 0.5769366828125 0.48166734062499994 0.5699884984375 0.4504259765625 0.55435508125 0.41137427187500003 0.561303265625 0.40356393125 0.6029923765625 0.3827363546875 0.62383693125 0.373624290625 0.649892625 0.34758982031249996 0.677685365625 0.33587430937499996 0.747167215625 0.38013290781250003 0.9035013796875001 0.37883118437499996 0.9521386749999999 0.3567018859375 1 0.514210428125 1