1 0.37109375 0.45625 0.73125 0.33828125
6 0.65078125 0.43359375 0.11171875 0.10859375
6 0.4921875 0.48515625 0.07265625 0.13828125
6 0.3578125 0.4359375 0.06953125 0.13203125
6 0.1296875 0.5859375 0.028125 0.05078125
4 0.18046875 0.6 0.071875 0.05078125
6 0.03359375 0.43359375 0.065625 0.0484375
6 0.609375 0.390625 0.121875 0.109375
6 0.296875 0.36171875 0.07734375 0.084375
6 0.22265625 0.31875 0.07734375 0.0671875
5 0.30625 0.5578125 0.09921875 0.03671875
6 0.35234375 0.5125 0.03671875 0.02421875