2 0.7408854171875 0.462890625 0.7591145828125 0.470703125 0.78515625 0.4765625 0.8177083328125001 0.4775390625 0.876302084375 0.478515625 0.907552084375 0.474609375 0.920572915625 0.470703125 0.9375 0.4541015625 0.9713541671874999 0.2412109375 0.96875 0.2197265625 0.9609375 0.2119140625 0.953125 0.1865234375 0.9440104171874999 0.177734375 0.78515625 0.1796875 0.763020834375 0.1884765625 0.75 0.2138671875 0.7291666671875 0.4521484375 0.7408854171875 0.462890625
2 0.515625 0.4306640625 0.518229165625 0.4365234375 0.532552084375 0.4453125 0.59375 0.4541015625 0.688802084375 0.453125 0.71484375 0.4453125 0.7265625 0.4345703125 0.7473958328125 0.1630859375 0.7291666671875 0.1357421875 0.7265625 0.1240234375 0.717447915625 0.119140625 0.626302084375 0.1171875 0.5559895828125 0.123046875 0.5390625 0.1318359375 0.5364583328125 0.1435546875 0.515625 0.1689453125 0.515625 0.4306640625
2 0.0625 0.4482421875 0.06770833281250001 0.4599609375 0.08984375 0.47265625 0.1510416671875 0.4775390625 0.18359375 0.4765625 0.235677084375 0.46875 0.26953125 0.458984375 0.28125 0.4501953125 0.28125 0.4130859375 0.2526041671875 0.2041015625 0.22786458281250002 0.171875 0.1158854171875 0.169921875 0.0247395828125 0.173828125 0.013020834375000002 0.2041015625 0.013020834375000002 0.2197265625 0.044270834375 0.3427734375 0.05989583281250001 0.4150390625 0.0625 0.4482421875
2 0.2864583328125 0.4599609375 0.2916666671875 0.4697265625 0.311197915625 0.48046875 0.361979165625 0.4853515625 0.3997395828125 0.486328125 0.44921875 0.48046875 0.48307291562500004 0.470703125 0.4947916671875 0.4599609375 0.4895833328125 0.2275390625 0.4765625 0.1962890625 0.4622395828125 0.181640625 0.3216145828125 0.18359375 0.279947915625 0.1875 0.2708333328125 0.1943359375 0.2604166671875 0.2197265625 0.2864583328125 0.4599609375
2 0.7213541671875 0.6904296875 0.7278645828125 0.697265625 0.7591145828125 0.712890625 0.8020833328125001 0.7197265625 0.8372395828125001 0.720703125 0.860677084375 0.716796875 0.8815104171874999 0.708984375 0.8958333328125001 0.6923828125 0.90625 0.6552734375 0.9322916671874999 0.5029296875 0.9322916671874999 0.4931640625 0.920572915625 0.47265625 0.8841145828125001 0.48046875 0.85546875 0.482421875 0.7877604171875 0.478515625 0.748697915625 0.46875 0.73828125 0.46875 0.731770834375 0.4736328125 0.7265625 0.4873046875 0.71875 0.5732421875 0.7213541671875 0.6904296875
2 0.518229165625 0.6787109375 0.5260416671875 0.6923828125 0.548177084375 0.708984375 0.5911458328125 0.7197265625 0.657552084375 0.71875 0.688802084375 0.70703125 0.703125 0.6943359375 0.705729165625 0.6669921875 0.7109375 0.6572265625 0.7239583328125 0.5029296875 0.7239583328125 0.4697265625 0.7122395828125 0.453125 0.66796875 0.458984375 0.58984375 0.458984375 0.53515625 0.44921875 0.5234375 0.4541015625 0.518229165625 0.4638671875 0.518229165625 0.6787109375
2 0.3151041671875 0.7041015625 0.33203125 0.72265625 0.360677084375 0.732421875 0.3828125 0.7353515625 0.42057291562500004 0.736328125 0.4466145828125 0.732421875 0.48307291562500004 0.716796875 0.4947916671875 0.7060546875 0.4973958328125 0.6630859375 0.4921875 0.6279296875 0.4921875 0.5361328125 0.48697916562500004 0.4990234375 0.4752604171875 0.4765625 0.4127604171875 0.486328125 0.345052084375 0.486328125 0.31640625 0.482421875 0.3072916671875 0.4990234375 0.3020833328125 0.5537109375 0.3072916671875 0.5615234375 0.3072916671875 0.6240234375 0.3151041671875 0.7041015625
2 0.1145833328125 0.6943359375 0.1223958328125 0.7158203125 0.14453125 0.732421875 0.1796875 0.7392578125 0.22265625 0.73828125 0.2591145828125 0.73046875 0.2903645828125 0.71875 0.3072916671875 0.7041015625 0.299479165625 0.6123046875 0.2890625 0.5849609375 0.2838541671875 0.4892578125 0.26953125 0.462890625 0.220052084375 0.474609375 0.17057291562500002 0.48046875 0.12630208437499998 0.48046875 0.08723958281250001 0.474609375 0.080729165625 0.4892578125 0.078125 0.5126953125 0.08333333281250001 0.5244140625 0.08333333281250001 0.5419921875 0.1015625 0.6162109375 0.10677083437499998 0.6572265625 0.1145833328125 0.6669921875 0.1145833328125 0.6943359375
2 0.705729165625 0.7509765625 0.705729165625 0.8701171875 0.751302084375 0.908203125 0.78125 0.9150390625 0.811197915625 0.916015625 0.83203125 0.912109375 0.858072915625 0.89453125 0.86328125 0.89453125 0.875 0.8818359375 0.8802083328125001 0.7919921875 0.888020834375 0.7490234375 0.893229165625 0.7412109375 0.893229165625 0.7216796875 0.88671875 0.7109375 0.8346354171874999 0.72265625 0.7877604171875 0.720703125 0.76171875 0.71484375 0.72265625 0.69921875 0.7109375 0.7158203125 0.705729165625 0.7509765625
2 0.5234375 0.8955078125 0.5260416671875 0.9033203125 0.54296875 0.91796875 0.5833333328125 0.9345703125 0.623697915625 0.935546875 0.641927084375 0.931640625 0.66796875 0.921875 0.6875 0.9052734375 0.6953125 0.8681640625 0.6979166671875 0.7841796875 0.705729165625 0.7412109375 0.703125 0.7119140625 0.6940104171875 0.70703125 0.670572915625 0.716796875 0.641927084375 0.72265625 0.6002604171875 0.72265625 0.57421875 0.71875 0.545572915625 0.708984375 0.529947915625 0.69921875 0.5234375 0.7021484375 0.518229165625 0.7119140625 0.518229165625 0.8564453125 0.5234375 0.8955078125
2 0.3463541671875 0.9033203125 0.36328125 0.919921875 0.3841145828125 0.9296875 0.4010416671875 0.9326171875 0.43619791562500004 0.93359375 0.46484375 0.927734375 0.5026041671875 0.9072265625 0.513020834375 0.8916015625 0.5078125 0.7314453125 0.49609375 0.712890625 0.45442708437499996 0.73046875 0.42317708437499996 0.736328125 0.376302084375 0.736328125 0.3372395828125 0.724609375 0.33203125 0.724609375 0.325520834375 0.7314453125 0.3229166671875 0.7490234375 0.3463541671875 0.9033203125
2 0.13802083437499998 0.7880859375 0.16927083437499998 0.9169921875 0.19140625 0.93359375 0.22395833281250002 0.9404296875 0.266927084375 0.9375 0.30078125 0.923828125 0.3229166671875 0.9072265625 0.3359375 0.8818359375 0.3203125 0.7412109375 0.3151041671875 0.7255859375 0.3059895828125 0.716796875 0.22786458281250002 0.73828125 0.17578125 0.740234375 0.14192708437499998 0.734375 0.1354166671875 0.7431640625 0.13802083437499998 0.7880859375