3 0.6484375 0.72578125 0.15546875 0.221875
3 0.75625 0.9015625 0.0921875 0.196875
3 0.9234375 0.1625 0.14765625 0.325
3 0.975 0.29375 0.05 0.2125
3 0.059375 0.59765625 0.084375 0.44453125
3 0.31796875 0.5546875 0.159375 0.4984375
3 0.84453125 0.67578125 0.11953125 0.565625
3 0.428125 0.178125 0.30625 0.2875
3 0.2453125 0.290625 0.125 0.58125
3 0.721875 0.17265625 0.1296875 0.3453125
3 0.56953125 0.24765625 0.17109375 0.43671875
3 0.4734375 0.73125 0.12421875 0.5375
3 0.41796875 0.68671875 0.08125 0.30546875
3 0.14609375 0.58046875 0.103125 0.8390625
3 0.40234375 0.25078125 0.090625 0.12109375