3 0.2859375 0.56484375 0.1453125 0.2796875
3 0.34140625 0.7046875 0.1203125 0.2125
3 0.24140625 0.8203125 0.103125 0.15
3 0.7390625 0.8046875 0.1296875 0.22421875
3 0.86328125 0.346875 0.16640625 0.1734375
3 0.7484375 0.31796875 0.07890625 0.25390625
3 0.41796875 0.26953125 0.3515625 0.490625
3 0.11796875 0.43046875 0.2359375 0.4703125
3 0.6296875 0.92734375 0.13515625 0.1109375
3 0.8671875 0.06484375 0.15703125 0.1171875
3 0.63203125 0.27578125 0.1140625 0.1828125
3 0.46953125 0.69765625 0.15078125 0.14765625
3 0.25 0.11953125 0.275 0.2390625
3 0.07265625 0.1078125 0.0609375 0.215625