3 0.53671875 0.3421875 0.04296875 0.60390625
3 0.44296875 0.38984375 0.03359375 0.4984375
3 0.8546875 0.5390625 0.0734375 0.51015625
3 0.3 0.375 0.03359375 0.4015625
3 0.0875 0.26328125 0.05078125 0.12109375
3 0.8890625 0.45546875 0.078125 0.68984375
3 0.9546875 0.51953125 0.0625 0.46015625
3 0.5734375 0.35625 0.04453125 0.58359375
3 0.615625 0.3734375 0.0453125 0.5234375
3 0.64453125 0.45078125 0.0359375 0.35234375
3 0.4078125 0.37890625 0.01875 0.44453125
3 0.3859375 0.36640625 0.03046875 0.478125
3 0.36328125 0.39765625 0.03515625 0.4578125
3 0.346875 0.3640625 0.02734375 0.5203125
3 0.3203125 0.3890625 0.025 0.475
3 0.19140625 0.4609375 0.03828125 0.1078125
3 0.18046875 0.24765625 0.03515625 0.09375
3 0.10703125 0.55859375 0.034375 0.08984375
3 0.1390625 0.56640625 0.02890625 0.0828125
3 0.17109375 0.5359375 0.0359375 0.08515625
3 0.18515625 0.3703125 0.053125 0.12734375
3 0.13046875 0.4515625 0.0546875 0.08828125
3 0.13515625 0.29609375 0.0578125 0.1359375
3 0.05703125 0.39921875 0.03515625 0.0859375