3 0.41953125 0.27578125 0.09921875 0.18515625
3 0.33828125 0.4765625 0.203125 0.28125
3 0.43359375 0.1140625 0.0671875 0.1359375
3 0.6390625 0.1921875 0.27578125 0.23828125
3 0.6890625 0.18359375 0.2828125 0.32734375
3 0.7765625 0.58125 0.10234375 0.18359375
3 0.67109375 0.515625 0.15703125 0.26796875
3 0.5625 0.678125 0.14453125 0.47265625
3 0.696875 0.76484375 0.15234375 0.23671875
3 0.8078125 0.74609375 0.04453125 0.07265625
3 0.2828125 0.22890625 0.20234375 0.29296875
3 0.29609375 0.7078125 0.234375 0.43359375