3 0.8390625 0.178125 0.17421875 0.24921875
3 0.59453125 0.11875 0.084375 0.125
3 0.86328125 0.35078125 0.0953125 0.15390625
3 0.634375 0.28125 0.08046875 0.1109375
3 0.740625 0.12734375 0.12421875 0.17421875
3 0.66796875 0.109375 0.05234375 0.08125
3 0.1078125 0.18828125 0.11015625 0.20546875
3 0.8171875 0.8421875 0.0984375 0.1765625
3 0.0734375 0.61640625 0.103125 0.14375
3 0.2140625 0.31953125 0.06484375 0.19140625
3 0.2 0.69609375 0.1140625 0.23984375
3 0.63046875 0.7546875 0.096875 0.10859375
3 0.4828125 0.396875 0.1 0.20546875
3 0.278125 0.43671875 0.07109375 0.23125
3 0.3375 0.88515625 0.1375 0.20234375
3 0.28671875 0.0671875 0.096875 0.08671875
3 0.21171875 0.153125 0.04375 0.0859375
3 0.36484375 0.39609375 0.11171875 0.15234375
3 0.1515625 0.4984375 0.13203125 0.14765625
3 0.7234375 0.4 0.09609375 0.21796875
3 0.5609375 0.6453125 0.15703125 0.30703125
3 0.48125 0.83125 0.13203125 0.15078125
3 0.43046875 0.57734375 0.13046875 0.15390625
3 0.33125 0.1921875 0.175 0.14765625
3 0.23671875 0.9109375 0.06953125 0.140625
3 0.12734375 0.35390625 0.07421875 0.13671875
3 0.8109375 0.465625 0.05078125 0.1046875
3 0.87578125 0.64453125 0.15 0.19296875
3 0.7390625 0.6671875 0.15703125 0.26015625
3 0.59609375 0.88984375 0.08984375 0.20390625
3 0.56328125 0.4078125 0.06640625 0.07734375
3 0.3265625 0.53984375 0.07734375 0.1296875
3 0.31953125 0.72734375 0.07734375 0.0859375