3 0.4421875 0.6125 0.36328125 0.1765625
3 0.3203125 0.48828125 0.05625 0.0671875
3 0.265625 0.5125 0.053125 0.1015625
3 0.2375 0.253125 0.04453125 0.065625
3 0.47109375 0.18203125 0.2078125 0.2140625
3 0.30234375 0.36484375 0.09453125 0.15
3 0.45 0.36328125 0.0625 0.08359375
3 0.4390625 0.4390625 0.196875 0.11875
3 0.3796875 0.053125 0.04375 0.10625
3 0.25625 0.071875 0.0296875 0.1234375
3 0.1703125 0.34765625 0.0484375 0.0703125
3 0.27734375 0.5765625 0.07734375 0.121875
3 0.21171875 0.34140625 0.0625 0.10078125
3 0.21484375 0.425 0.10546875 0.12421875
3 0.10546875 0.421875 0.0640625 0.13125
3 0.3203125 0.06484375 0.04453125 0.06953125
3 0.2203125 0.10859375 0.04609375 0.1359375
3 0.17109375 0.1484375 0.06015625 0.08046875
3 0.16171875 0.21640625 0.07265625 0.10390625
3 0.05078125 0.2375 0.0359375 0.03828125
3 0.0734375 0.284375 0.12265625 0.09296875
3 0.2640625 0.14375 0.19921875 0.16484375
3 0.27578125 0.0515625 0.05703125 0.06328125
3 0.1234375 0.059375 0.046875 0.103125
3 0.09296875 0.05546875 0.0328125 0.1109375