4 0.48125 0.4203125 0.375 0.840625
4 0.26328125 0.48203125 0.08125 0.63515625
4 0.625 0.88515625 0.371875 0.21796875
4 0.42734375 0.91171875 0.2125 0.16484375
4 0.959375 0.78828125 0.07421875 0.25859375
4 0.93046875 0.753125 0.11796875 0.25859375
4 0.84609375 0.65859375 0.0578125 0.14140625
4 0.79921875 0.74140625 0.1453125 0.2
4 0.775 0.8796875 0.13203125 0.18203125
4 0.61484375 0.76171875 0.1421875 0.13515625
4 0.853125 0.63515625 0.2125 0.153125
4 0.77734375 0.6203125 0.20234375 0.18203125
4 0.7265625 0.5703125 0.15546875 0.1296875
4 0.6890625 0.56171875 0.16875 0.18203125
4 0.6078125 0.53203125 0.1015625 0.18203125
4 0.69453125 0.43515625 0.1453125 0.2
4 0.684375 0.34375 0.11796875 0.1234375
4 0.975 0.41796875 0.04375 0.2234375
4 0.91875 0.4 0.0671875 0.21171875
4 0.8546875 0.3796875 0.0609375 0.19375
4 0.80078125 0.36484375 0.0609375 0.1765625
4 0.7484375 0.33828125 0.05078125 0.146875