5 0.39296875 0.46484375 0.21875 0.37421875
5 0.215625 0.37734375 0.19375 0.3609375
5 0.11484375 0.21328125 0.22890625 0.30625
5 0.11484375 0.52578125 0.2296875 0.2984375
5 0.20546875 0.796875 0.41015625 0.40546875
5 0.50234375 0.80625 0.2015625 0.38671875
5 0.69765625 0.84140625 0.2 0.3171875
5 0.6375 0.50078125 0.259375 0.375
5 0.35078125 0.14453125 0.2609375 0.2890625
5 0.57265625 0.11484375 0.19296875 0.22890625
5 0.5953125 0.2953125 0.23515625 0.27265625
5 0.77421875 0.11328125 0.209375 0.22578125
5 0.8671875 0.25546875 0.26484375 0.28984375
5 0.88203125 0.67578125 0.2359375 0.6484375