3 0.5140625 0.50078125 0.1546875 0.6453125
3 0.50078125 0.7171875 0.05078125 0.1984375
3 0.7015625 0.4578125 0.18671875 0.6703125
3 0.6390625 0.63515625 0.0640625 0.26484375
3 0.8875 0.4734375 0.18203125 0.67421875
3 0.3125 0.5078125 0.15390625 0.6140625
3 0.27265625 0.484375 0.0484375 0.20546875
3 0.34765625 0.6640625 0.0703125 0.2421875
3 0.50546875 0.284375 0.0609375 0.209375
3 0.12109375 0.46640625 0.16171875 0.6421875
3 0.65546875 0.2640625 0.0515625 0.19609375
3 0.146875 0.48046875 0.046875 0.53359375
3 0.06875 0.4203125 0.05234375 0.57109375
3 0.1703125 0.48046875 0.05390625 0.56953125
3 0.10625 0.49453125 0.0375 0.5703125
3 0.54375 0.67421875 0.06015625 0.2765625
3 0.49609375 0.45703125 0.0625 0.15546875
3 0.55625 0.37734375 0.06015625 0.19921875
3 0.3640625 0.31015625 0.03984375 0.2015625
3 0.28984375 0.6875 0.0328125 0.24296875
3 0.35625 0.4578125 0.04375 0.1203125
3 0.29296875 0.28515625 0.07734375 0.16875
3 0.7609375 0.3859375 0.06484375 0.20703125
3 0.7359375 0.703125 0.03828125 0.146875
3 0.73984375 0.65078125 0.0390625 0.24765625
3 0.70390625 0.51171875 0.03828125 0.2234375
3 0.67578125 0.69609375 0.04140625 0.20078125
3 0.7390625 0.33984375 0.05390625 0.3203125
3 0.94375 0.4859375 0.04453125 0.6359375
3 0.86171875 0.47734375 0.02890625 0.62265625
3 0.82578125 0.47265625 0.053125 0.690625
3 0.9046875 0.49140625 0.05078125 0.6359375