0 0.046875 0.2390625 0.09375 0.375
0 0.046875 0.72109375 0.09375 0.3609375
0 0.13203125 0.24609375 0.09921875 0.35703125
0 0.234375 0.23515625 0.10546875 0.37421875
0 0.33203125 0.2359375 0.10703125 0.3828125
0 0.434375 0.23515625 0.10078125 0.3921875
0 0.5375 0.24375 0.09765625 0.36953125
0 0.6375 0.246875 0.103125 0.37265625
0 0.73671875 0.2515625 0.1015625 0.3640625
0 0.8390625 0.2578125 0.1015625 0.3578125
0 0.9390625 0.26875 0.09296875 0.34140625
0 0.13671875 0.72265625 0.1 0.353125
0 0.23203125 0.71640625 0.0984375 0.365625
0 0.3765625 0.71953125 0.18828125 0.37109375
0 0.5265625 0.73125 0.09921875 0.3625
0 0.6265625 0.73046875 0.10390625 0.3640625
0 0.73125 0.73984375 0.10390625 0.371875
0 0.83046875 0.73828125 0.103125 0.36875
0 0.9390625 0.75 0.121875 0.35