0 0.934375 0.05 0.13046875 0.09921875
0 0.83046875 0.0484375 0.084375 0.096875
0 0.7421875 0.05078125 0.09375 0.10078125
0 0.90859375 0.25859375 0.1 0.15
0 0.97265625 0.47890625 0.05390625 0.1546875
0 0.646875 0.05390625 0.078125 0.1078125
0 0.571875 0.0546875 0.07890625 0.109375
0 0.8203125 0.26796875 0.07890625 0.140625
0 0.73359375 0.2640625 0.08046875 0.15703125
0 0.65703125 0.26484375 0.08671875 0.15546875
0 0.496875 0.05625 0.08203125 0.11171875
0 0.421875 0.0578125 0.07421875 0.115625
0 0.34921875 0.0578125 0.071875 0.11484375
0 0.27265625 0.059375 0.07734375 0.11640625
0 0.19453125 0.06015625 0.0828125 0.1203125
0 0.11875 0.06328125 0.07578125 0.12578125
0 0.04375 0.06171875 0.08125 0.1234375
0 0.53359375 0.2671875 0.07734375 0.15625
0 0.8328125 0.4765625 0.0484375 0.1359375
0 0.4546875 0.2671875 0.07265625 0.15390625
0 0.3796875 0.26875 0.071875 0.15546875
0 0.29453125 0.2703125 0.08359375 0.15390625
0 0.2140625 0.26875 0.07109375 0.159375
0 0.1359375 0.271875 0.071875 0.1484375
0 0.06484375 0.275 0.071875 0.15390625
0 0.9046875 0.4796875 0.0828125 0.14609375
0 0.77734375 0.48515625 0.07265625 0.15234375
0 0.68984375 0.65625 0.07421875 0.11484375
0 0.7 0.48359375 0.07578125 0.153125
0 0.6265625 0.48515625 0.07265625 0.1453125
0 0.5546875 0.484375 0.07578125 0.14375
0 0.48046875 0.48671875 0.0796875 0.14765625
0 0.40703125 0.48671875 0.0671875 0.14296875
0 0.334375 0.4875 0.0765625 0.1421875
0 0.25625 0.4875 0.078125 0.146875
0 0.1828125 0.4890625 0.07265625 0.14296875
0 0.115625 0.4859375 0.06796875 0.146875
0 0.04296875 0.48828125 0.0734375 0.1421875
0 0.55234375 0.6875 0.146875 0.1546875
0 0.34140625 0.6765625 0.14375 0.13359375
0 0.23046875 0.68515625 0.0734375 0.146875
0 0.16484375 0.6859375 0.0734375 0.15625
0 0.0640625 0.678125 0.128125 0.146875
0 0.95625 0.6734375 0.08671875 0.1515625
0 0.8953125 0.88203125 0.14609375 0.1234375
0 0.740625 0.878125 0.1375 0.12890625
0 0.6234375 0.87890625 0.07421875 0.1171875
0 0.39609375 0.875 0.13359375 0.11875
0 0.26484375 0.871875 0.0953125 0.11953125
0 0.13828125 0.86484375 0.07578125 0.12421875