3 0.4359375 0.121875 0.1015625 0.0484375
3 0.38515625 0.1921875 0.0796875 0.09375
3 0.32109375 0.18671875 0.0609375 0.10859375
3 0.4140625 0.5859375 0.1609375 0.246875
3 0.159375 0.534375 0.04375 0.13671875
3 0.4265625 0.7546875 0.1875 0.12265625
3 0.58359375 0.2375 0.27734375 0.17578125
3 0.38984375 0.31015625 0.22109375 0.08046875
3 0.42734375 0.3515625 0.1703125 0.0703125
3 0.26953125 0.48515625 0.078125 0.07421875
3 0.3 0.6296875 0.09140625 0.165625
3 0.7828125 0.41875 0.20703125 0.3359375
3 0.7046875 0.63515625 0.1921875 0.31953125
3 0.753125 0.70625 0.128125 0.1125
3 0.62734375 0.41171875 0.10390625 0.171875
3 0.6890625 0.50078125 0.06796875 0.0625
3 0.215625 0.6140625 0.0484375 0.21171875
3 0.23671875 0.37109375 0.14609375 0.08203125
3 0.3078125 0.41171875 0.246875 0.10390625
3 0.5515625 0.40546875 0.08515625 0.14375
3 0.62734375 0.7390625 0.0859375 0.05703125
3 0.8234375 0.4515625 0.09296875 0.17265625
3 0.48984375 0.8546875 0.15546875 0.065625
3 0.2640625 0.25390625 0.12890625 0.24609375