3 0.61640625 0.38671875 0.09609375 0.14375
3 0.51640625 0.37890625 0.09609375 0.17109375
3 0.60546875 0.23203125 0.07734375 0.14375
3 0.69140625 0.284375 0.07890625 0.13984375
3 0.525 0.15625 0.10390625 0.16640625
3 0.459375 0.22578125 0.11875 0.11484375
3 0.396875 0.25 0.09765625 0.1375
3 0.284375 0.378125 0.16875 0.08125
3 0.42265625 0.43125 0.14609375 0.11640625
3 0.29140625 0.490625 0.13359375 0.13515625
3 0.21015625 0.484375 0.15390625 0.12734375
3 0.315625 0.571875 0.12265625 0.11484375
3 0.4125 0.590625 0.1125 0.18515625
3 0.33828125 0.71171875 0.16875 0.11484375
3 0.478125 0.678125 0.11875 0.12734375
3 0.53515625 0.70078125 0.12890625 0.13984375
3 0.56015625 0.77265625 0.16640625 0.12109375
3 0.60546875 0.83125 0.14765625 0.1375
3 0.69765625 0.771875 0.10390625 0.16484375
3 0.665625 0.653125 0.13984375 0.10234375
3 0.78515625 0.57421875 0.1375 0.10625
3 0.69609375 0.53515625 0.12890625 0.14609375
3 0.596875 0.53828125 0.08515625 0.16875
3 0.503125 0.55390625 0.10234375 0.14609375