2 0.2708333328125 0.4521484375 0.25 0.2138671875 0.236979165625 0.1884765625 0.21484375 0.1796875 0.05598958281250001 0.177734375 0.046875 0.1865234375 0.0390625 0.2119140625 0.03125 0.2197265625 0.0286458328125 0.2412109375 0.0625 0.4541015625 0.079427084375 0.470703125 0.092447915625 0.474609375 0.12369791562500002 0.478515625 0.1822916671875 0.4775390625 0.21484375 0.4765625 0.24088541718749998 0.470703125 0.2591145828125 0.462890625 0.2708333328125 0.4521484375
2 0.484375 0.1689453125 0.4635416671875 0.1435546875 0.4609375 0.1318359375 0.4440104171875 0.123046875 0.373697915625 0.1171875 0.282552084375 0.119140625 0.2734375 0.1240234375 0.2708333328125 0.1357421875 0.2526041671875 0.1630859375 0.2734375 0.4345703125 0.28515625 0.4453125 0.311197915625 0.453125 0.40625 0.4541015625 0.46744791562500004 0.4453125 0.48177083437499996 0.4365234375 0.484375 0.4306640625 0.484375 0.1689453125
2 0.9401041671874999 0.4150390625 0.955729165625 0.3427734375 0.986979165625 0.2197265625 0.986979165625 0.2041015625 0.9752604171874999 0.173828125 0.8841145828125001 0.169921875 0.7721354171875 0.171875 0.7473958328125 0.2041015625 0.71875 0.4130859375 0.71875 0.4501953125 0.73046875 0.458984375 0.764322915625 0.46875 0.81640625 0.4765625 0.8489583328125001 0.4775390625 0.91015625 0.47265625 0.9322916671874999 0.4599609375 0.9375 0.4482421875 0.9401041671874999 0.4150390625
2 0.7395833328125 0.2197265625 0.7291666671875 0.1943359375 0.720052084375 0.1875 0.6783854171875 0.18359375 0.5377604171875 0.181640625 0.5234375 0.1962890625 0.5104166671875 0.2275390625 0.5052083328125 0.4599609375 0.516927084375 0.470703125 0.55078125 0.48046875 0.6002604171875 0.486328125 0.638020834375 0.4853515625 0.688802084375 0.48046875 0.7083333328125 0.4697265625 0.7135416671875 0.4599609375 0.7395833328125 0.2197265625
2 0.28125 0.5732421875 0.2734375 0.4873046875 0.268229165625 0.4736328125 0.26171875 0.46875 0.251302084375 0.46875 0.21223958281250002 0.478515625 0.14453125 0.482421875 0.1158854171875 0.48046875 0.079427084375 0.47265625 0.06770833281250001 0.4931640625 0.06770833281250001 0.5029296875 0.09375 0.6552734375 0.1041666671875 0.6923828125 0.1184895828125 0.708984375 0.13932291562500002 0.716796875 0.1627604171875 0.720703125 0.1979166671875 0.7197265625 0.24088541718749998 0.712890625 0.2721354171875 0.697265625 0.2786458328125 0.6904296875 0.28125 0.5732421875
2 0.48177083437499996 0.4638671875 0.4765625 0.4541015625 0.46484375 0.44921875 0.41015625 0.458984375 0.33203125 0.458984375 0.2877604171875 0.453125 0.2760416671875 0.4697265625 0.2760416671875 0.5029296875 0.2890625 0.6572265625 0.294270834375 0.6669921875 0.296875 0.6943359375 0.311197915625 0.70703125 0.342447915625 0.71875 0.4088541671875 0.7197265625 0.45182291562500004 0.708984375 0.4739583328125 0.6923828125 0.48177083437499996 0.6787109375 0.48177083437499996 0.4638671875
2 0.6927083328125 0.6240234375 0.6927083328125 0.5615234375 0.6979166671875 0.5537109375 0.6927083328125 0.4990234375 0.68359375 0.482421875 0.654947915625 0.486328125 0.5872395828125 0.486328125 0.5247395828125 0.4765625 0.513020834375 0.4990234375 0.5078125 0.5361328125 0.5078125 0.6279296875 0.5026041671875 0.6630859375 0.5052083328125 0.7060546875 0.516927084375 0.716796875 0.5533854171875 0.732421875 0.579427084375 0.736328125 0.6171875 0.7353515625 0.639322915625 0.732421875 0.66796875 0.72265625 0.6848958328125 0.7041015625 0.6927083328125 0.6240234375
2 0.8854166671874999 0.6669921875 0.893229165625 0.6572265625 0.8984375 0.6162109375 0.9166666671874999 0.5419921875 0.9166666671874999 0.5244140625 0.921875 0.5126953125 0.919270834375 0.4892578125 0.9127604171874999 0.474609375 0.873697915625 0.48046875 0.829427084375 0.48046875 0.779947915625 0.474609375 0.73046875 0.462890625 0.7161458328125 0.4892578125 0.7109375 0.5849609375 0.700520834375 0.6123046875 0.6927083328125 0.7041015625 0.7096354171875 0.71875 0.7408854171875 0.73046875 0.77734375 0.73828125 0.8203125 0.7392578125 0.85546875 0.732421875 0.8776041671874999 0.7158203125 0.8854166671874999 0.6943359375 0.8854166671874999 0.6669921875
2 0.2890625 0.7158203125 0.27734375 0.69921875 0.23828125 0.71484375 0.21223958281250002 0.720703125 0.1653645828125 0.72265625 0.11328125 0.7109375 0.10677083437499998 0.7216796875 0.10677083437499998 0.7412109375 0.11197916562500002 0.7490234375 0.1197916671875 0.7919921875 0.125 0.8818359375 0.13671875 0.89453125 0.14192708437499998 0.89453125 0.16796875 0.912109375 0.18880208437499998 0.916015625 0.21875 0.9150390625 0.248697915625 0.908203125 0.294270834375 0.8701171875 0.294270834375 0.7509765625 0.2890625 0.7158203125
2 0.48177083437499996 0.8564453125 0.48177083437499996 0.7119140625 0.4765625 0.7021484375 0.47005208437499996 0.69921875 0.45442708437499996 0.708984375 0.42578125 0.71875 0.3997395828125 0.72265625 0.358072915625 0.72265625 0.329427084375 0.716796875 0.3059895828125 0.70703125 0.296875 0.7119140625 0.294270834375 0.7412109375 0.3020833328125 0.7841796875 0.3046875 0.8681640625 0.3125 0.9052734375 0.33203125 0.921875 0.358072915625 0.931640625 0.376302084375 0.935546875 0.4166666671875 0.9345703125 0.45703125 0.91796875 0.4739583328125 0.9033203125 0.4765625 0.8955078125 0.48177083437499996 0.8564453125
2 0.6770833328125 0.7490234375 0.674479165625 0.7314453125 0.66796875 0.724609375 0.6627604171875 0.724609375 0.623697915625 0.736328125 0.576822915625 0.736328125 0.545572915625 0.73046875 0.50390625 0.712890625 0.4921875 0.7314453125 0.48697916562500004 0.8916015625 0.4973958328125 0.9072265625 0.53515625 0.927734375 0.563802084375 0.93359375 0.5989583328125 0.9326171875 0.6158854171875 0.9296875 0.63671875 0.919921875 0.6536458328125 0.9033203125 0.6770833328125 0.7490234375
2 0.8645833328125001 0.7431640625 0.858072915625 0.734375 0.82421875 0.740234375 0.7721354171875 0.73828125 0.6940104171875 0.716796875 0.6848958328125 0.7255859375 0.6796875 0.7412109375 0.6640625 0.8818359375 0.6770833328125 0.9072265625 0.69921875 0.923828125 0.733072915625 0.9375 0.7760416671875 0.9404296875 0.80859375 0.93359375 0.830729165625 0.9169921875 0.861979165625 0.7880859375 0.8645833328125001 0.7431640625