2 0.035024553125 0 0.014687715625 0.005859375 0.0112982421875 0.0087890625 0.0090385953125 0.0224609375 0.0022596484375 0.0361328125 0.0022596484375 0.0966796875 0.004519296875 0.0986328125 0.0022596484375 0.1025390625 0.0022596484375 0.1259765625 0.004519296875 0.1279296875 0.004519296875 0.1787109375 0.0022596484375 0.1845703125 0.004519296875 0.1865234375 0.004519296875 0.2392578125 0.0067789453125 0.2431640625 0.0124280671875 0.24609375 0.162694696875 0.2470703125 0.1694736421875 0.2392578125 0.16721399374999998 0.2294921875 0.1694736421875 0.0478515625 0.1604350484375 0.0322265625 0.1581753984375 0.0205078125 0.1389683859375 0.009765625 0.08925611875 0 0.035024553125 0
2 0.338947284375 0.0458984375 0.3321683390625 0.0341796875 0.3321683390625 0.0224609375 0.32425956875 0.013671875 0.2881051921875 0.001953125 0.21127714062499997 0 0.20449819531250002 0.00390625 0.1977192484375 0.00390625 0.1852911828125 0.0107421875 0.1852911828125 0.0205078125 0.1739929390625 0.0400390625 0.1739929390625 0.2392578125 0.181901709375 0.248046875 0.2316139765625 0.248046875 0.23387362656250002 0.25 0.28358589375 0.25 0.2858455421875 0.251953125 0.329908690625 0.2509765625 0.3366876359375 0.2470703125 0.338947284375 0.2412109375 0.3366876359375 0.2333984375 0.338947284375 0.0458984375
2 0.6485191375 0.0244140625 0.6406103671875 0.015625 0.6270524749999999 0.009765625 0.6112349359375 0.0078125 0.5570033703124999 0.0078125 0.5276279390624999 0.013671875 0.5185893453125 0.017578125 0.5129402234375 0.0244140625 0.5016419796875 0.0498046875 0.5016419796875 0.0966796875 0.5039016296875001 0.0986328125 0.5039016296875001 0.1337890625 0.506161278125 0.1357421875 0.5039016296875001 0.1376953125 0.5039016296875001 0.1689453125 0.49938233125 0.1962890625 0.49938233125 0.2412109375 0.505031453125 0.244140625 0.516329696875 0.2421875 0.6202735296874999 0.2421875 0.6225331781250001 0.244140625 0.6507787859375 0.2451171875 0.6552980828125 0.2412109375 0.65755773125 0.0419921875 0.6507787859375 0.0341796875 0.6485191375 0.0244140625
2 0.1649543453125 0.2822265625 0.1604350484375 0.2744140625 0.1581753984375 0.2607421875 0.1502666296875 0.25390625 0.141228034375 0.251953125 0.0214666609375 0.251953125 0.013557890625 0.2568359375 0.0022596484375 0.2802734375 0.0067789453125 0.4853515625 0.0214666609375 0.494140625 0.035024553125 0.49609375 0.09490523906250001 0.4951171875 0.14574733125 0.48828125 0.161564871875 0.482421875 0.16721399374999998 0.4775390625 0.1649543453125 0.2822265625
2 0.3366876359375 0.2822265625 0.3219999203125 0.255859375 0.3061823796875 0.25390625 0.18642100625 0.25390625 0.171733290625 0.2861328125 0.1739929390625 0.4814453125 0.1841613578125 0.4921875 0.19997889687499998 0.49609375 0.21579643750000002 0.498046875 0.27567712499999997 0.4970703125 0.3174806234375 0.490234375 0.3332981625 0.482421875 0.3366876359375 0.4775390625 0.3366876359375 0.2822265625
2 0.49712268281250005 0.2861328125 0.4824349671875 0.255859375 0.457578834375 0.255859375 0.4553191859375 0.25390625 0.3513753515625 0.255859375 0.347985878125 0.2587890625 0.3502455265625 0.2646484375 0.347985878125 0.2705078125 0.338947284375 0.2841796875 0.338947284375 0.4052734375 0.3412069328125 0.4072265625 0.338947284375 0.4150390625 0.338947284375 0.4384765625 0.3412069328125 0.4404296875 0.338947284375 0.4736328125 0.3412069328125 0.4814453125 0.35589464843749996 0.490234375 0.37171218906250003 0.494140625 0.43159287500000004 0.4951171875 0.4530595359375 0.494140625 0.4824349671875 0.48828125 0.49712268281250005 0.4755859375 0.49712268281250005 0.2861328125
2 0.65755773125 0.2841796875 0.6462594875 0.2626953125 0.6462594875 0.2529296875 0.6406103671875 0.25 0.6202735296874999 0.25 0.61801388125 0.248046875 0.514070046875 0.25 0.5084209265624999 0.2568359375 0.5106805750000001 0.2587890625 0.5084209265624999 0.2666015625 0.49938233125 0.2802734375 0.49938233125 0.4736328125 0.5072911015625 0.482421875 0.5321472359375 0.490234375 0.550224425 0.4921875 0.61688405625 0.4912109375 0.642870015625 0.486328125 0.654168259375 0.48046875 0.65755773125 0.4755859375 0.65755773125 0.2841796875
2 0.8157331296875 0.2666015625 0.8157331296875 0.2548828125 0.8123436578125001 0.251953125 0.681284040625 0.251953125 0.6745050953125 0.25390625 0.6711156218750001 0.2568359375 0.6711156218750001 0.2666015625 0.6620770281249999 0.2802734375 0.6620770281249999 0.3994140625 0.6598173796875 0.4013671875 0.6598173796875 0.4716796875 0.6620770281249999 0.4775390625 0.67676474375 0.48828125 0.710659471875 0.49609375 0.7818384015625 0.4970703125 0.8123436578125001 0.4921875 0.8247717250000001 0.4814453125 0.8247717250000001 0.2802734375 0.8157331296875 0.2666015625
2 0.99198571875 0.2626953125 0.99198571875 0.2568359375 0.9885962453125 0.251953125 0.97051905625 0.25 0.857536628125 0.25 0.8439787375 0.251953125 0.840589265625 0.2548828125 0.840589265625 0.2646484375 0.8315506703125 0.2783203125 0.8315506703125 0.2958984375 0.829291021875 0.2978515625 0.829291021875 0.4775390625 0.8439787375 0.486328125 0.8959506546875 0.49609375 0.9671295843750001 0.4951171875 0.99085589375 0.4921875 0.9987646640625 0.4853515625 0.9987646640625 0.2744140625 0.99198571875 0.2626953125
2 0.1694736421875 0.7099609375 0.1694736421875 0.5458984375 0.16721399374999998 0.5439453125 0.1694736421875 0.5341796875 0.16721399374999998 0.5224609375 0.1694736421875 0.5205078125 0.162694696875 0.4970703125 0.1547859265625 0.48828125 0.102814009375 0.498046875 0.048582443749999996 0.5 0.0169473640625 0.49609375 0.015817540625 0.5029296875 0.004519296875 0.5205078125 0.004519296875 0.5576171875 0.0067789453125 0.5595703125 0.004519296875 0.5693359375 0.004519296875 0.6396484375 0.0067789453125 0.6474609375 0.004519296875 0.6494140625 0.0067789453125 0.6513671875 0.0090385953125 0.7255859375 0.019207012500000002 0.740234375 0.032764903125 0.744140625 0.08360699687499999 0.7451171875 0.10733330625 0.7421875 0.1344490890625 0.734375 0.1547859265625 0.724609375 0.1694736421875 0.7099609375
2 0.3366876359375 0.7119140625 0.3366876359375 0.5146484375 0.32425956875 0.4921875 0.31296132499999996 0.4921875 0.30392273125 0.49609375 0.279066596875 0.5 0.20901749218750001 0.5 0.18642100625 0.49609375 0.1739929390625 0.5244140625 0.1762525875 0.7236328125 0.180771884375 0.7314453125 0.1977192484375 0.7421875 0.2316139765625 0.748046875 0.25082099062499996 0.7470703125 0.279066596875 0.744140625 0.3061823796875 0.736328125 0.3219999203125 0.728515625 0.3366876359375 0.7119140625
2 0.49712268281250005 0.7119140625 0.49486303437499995 0.5126953125 0.4824349671875 0.490234375 0.43950164531249997 0.498046875 0.387529728125 0.498046875 0.3513753515625 0.4921875 0.338947284375 0.5166015625 0.338947284375 0.7138671875 0.3412069328125 0.7216796875 0.35589464843749996 0.734375 0.37849113437500004 0.7421875 0.3897893765625 0.744140625 0.43611217187499995 0.7431640625 0.457578834375 0.740234375 0.47791567031250004 0.732421875 0.49260338593749997 0.7197265625 0.49712268281250005 0.7119140625
2 0.6552980828125 0.5185546875 0.653038434375 0.5107421875 0.6406103671875 0.490234375 0.61801388125 0.494140625 0.5773402078125 0.49609375 0.5750805578125 0.494140625 0.543445478125 0.494140625 0.5095507515625 0.48828125 0.49712268281250005 0.5126953125 0.49938233125 0.7099609375 0.5016419796875 0.7158203125 0.514070046875 0.728515625 0.545705128125 0.740234375 0.554743721875 0.7421875 0.6078454625 0.7412109375 0.61801388125 0.740234375 0.642870015625 0.73046875 0.65755773125 0.7138671875 0.6552980828125 0.5185546875
2 0.8247717250000001 0.5732421875 0.822512075 0.5712890625 0.8247717250000001 0.5185546875 0.8100840093749999 0.494140625 0.7987857671875 0.498046875 0.7807085781249999 0.498046875 0.7784489296875 0.5 0.7264770125 0.5 0.672245446875 0.490234375 0.6598173796875 0.5126953125 0.6620770281249999 0.5166015625 0.6598173796875 0.5244140625 0.6598173796875 0.7041015625 0.6620770281249999 0.7119140625 0.6711156218750001 0.7255859375 0.6948419328125001 0.740234375 0.7332559578125 0.748046875 0.7660208625 0.7490234375 0.785227875 0.748046875 0.8100840093749999 0.740234375 0.8247717250000001 0.7236328125 0.8247717250000001 0.5732421875
2 0.9965050156249999 0.7255859375 0.9965050156249999 0.6181640625 0.9942453671875 0.6162109375 0.9965050156249999 0.6083984375 0.9965050156249999 0.5185546875 0.9840769484375 0.498046875 0.9049892484375001 0.5 0.8620559265625 0.494140625 0.8439787375 0.48828125 0.838329615625 0.4912109375 0.8270313734375 0.5087890625 0.8270313734375 0.7099609375 0.8439787375 0.7265625 0.8710945203125 0.740234375 0.916287490625 0.75 0.9535716921875 0.7490234375 0.9659997593749999 0.748046875 0.9840769484375 0.7421875 0.99198571875 0.7353515625 0.9965050156249999 0.7255859375
2 0.171733290625 0.9443359375 0.171733290625 0.8798828125 0.1694736421875 0.8779296875 0.171733290625 0.7998046875 0.1694736421875 0.7978515625 0.1694736421875 0.7666015625 0.16721399374999998 0.7646484375 0.1694736421875 0.7509765625 0.1649543453125 0.7333984375 0.1593052234375 0.728515625 0.14574733125 0.73046875 0.141228034375 0.734375 0.123150846875 0.740234375 0.08699646875 0.748046875 0.044063146875 0.748046875 0.019207012500000002 0.7421875 0.0067789453125 0.7568359375 0.0067789453125 0.8193359375 0.0090385953125 0.8212890625 0.0067789453125 0.8271484375 0.0067789453125 0.8427734375 0.0090385953125 0.8447265625 0.0067789453125 0.8544921875 0.0090385953125 0.8564453125 0.0067789453125 0.8623046875 0.0090385953125 0.8759765625 0.0067789453125 0.8779296875 0.0090385953125 0.8837890625 0.0067789453125 0.9091796875 0.0090385953125 0.9111328125 0.0067789453125 0.9169921875 0.0090385953125 0.9189453125 0.0112982421875 0.9716796875 0.015817540625 0.9794921875 0.032764903125 0.9921875 0.048582443749999996 0.99609375 0.08812629375 0.9951171875 0.11863155 0.990234375 0.14800698125 0.974609375 0.1649543453125 0.9599609375 0.171733290625 0.9443359375
2 0.33442798749999997 0.9560546875 0.3366876359375 0.9462890625 0.3366876359375 0.7529296875 0.3321683390625 0.7373046875 0.3265192171875 0.73046875 0.2881051921875 0.744140625 0.2564701125 0.75 0.22483503124999998 0.75 0.1886806546875 0.740234375 0.1830315328125 0.7451171875 0.1762525875 0.7587890625 0.1762525875 0.9521484375 0.1785122359375 0.9658203125 0.1852911828125 0.9775390625 0.20901749218750001 0.994140625 0.22935432812499998 0.998046875 0.2316139765625 0.99609375 0.2621192328125 0.9970703125 0.28358589375 0.994140625 0.3061823796875 0.984375 0.3208700953125 0.9736328125 0.33442798749999997 0.9560546875
2 0.49486303437499995 0.9599609375 0.49938233125 0.9462890625 0.49712268281250005 0.7490234375 0.4892139125 0.732421875 0.42820340156250003 0.748046875 0.4236841046875 0.74609375 0.42142445625 0.748046875 0.387529728125 0.74609375 0.36267359374999997 0.740234375 0.3513753515625 0.734375 0.3412069328125 0.7470703125 0.338947284375 0.7568359375 0.338947284375 0.9482421875 0.3412069328125 0.9619140625 0.3502455265625 0.9755859375 0.36267359374999997 0.986328125 0.376231484375 0.9921875 0.3897893765625 0.99609375 0.4451507671875 0.9951171875 0.4530595359375 0.994140625 0.4733963734375 0.984375 0.48582444062499996 0.9736328125 0.49486303437499995 0.9599609375
2 0.6598173796875 0.9482421875 0.65755773125 0.7470703125 0.6451296640625 0.732421875 0.61801388125 0.7421875 0.6044559890625 0.744140625 0.5570033703124999 0.744140625 0.5095507515625 0.73046875 0.49938233125 0.7490234375 0.5016419796875 0.9521484375 0.5084209265624999 0.9658203125 0.5174595203125001 0.9755859375 0.5411858296875 0.990234375 0.5615226671875 0.99609375 0.61688405625 0.9951171875 0.6360910703125 0.98828125 0.653038434375 0.9736328125 0.6620770281249999 0.9501953125 0.6598173796875 0.9482421875
2 0.820252428125 0.9755859375 0.8247717250000001 0.9658203125 0.8247717250000001 0.7548828125 0.822512075 0.7490234375 0.8168629546874999 0.7421875 0.8078243609375001 0.7421875 0.7987857671875 0.744140625 0.789747171875 0.75 0.7264770125 0.75 0.7038805265625 0.7421875 0.6993612296875 0.744140625 0.67676474375 0.732421875 0.6699857984375 0.732421875 0.6620770281249999 0.7412109375 0.6620770281249999 0.9208984375 0.6643366765625001 0.9228515625 0.666596325 0.9560546875 0.682413865625 0.9755859375 0.701620878125 0.98828125 0.7083998234375 0.98828125 0.7129191203125 0.9921875 0.7264770125 0.99609375 0.7727998078125 0.9970703125 0.789747171875 0.99609375 0.79426646875 0.990234375 0.8123436578125001 0.982421875 0.820252428125 0.9755859375
2 0.987466421875 0.9775390625 0.99198571875 0.9677734375 0.99198571875 0.9306640625 0.9942453671875 0.9287109375 0.99198571875 0.8642578125 0.9942453671875 0.8623046875 0.9942453671875 0.7802734375 0.9965050156249999 0.7783203125 0.9942453671875 0.7568359375 0.9897260687499999 0.7490234375 0.9840769484375 0.74609375 0.9682594078125 0.751953125 0.943403275 0.751953125 0.9411436249999999 0.75390625 0.8936910062500001 0.751953125 0.8756138171875 0.744140625 0.868834871875 0.744140625 0.8371997921875 0.724609375 0.8326804937500001 0.724609375 0.8247717250000001 0.7314453125 0.822512075 0.7373046875 0.8270313734375 0.7490234375 0.8270313734375 0.8291015625 0.829291021875 0.8310546875 0.8270313734375 0.9443359375 0.829291021875 0.9501953125 0.8462383859375 0.96875 0.8643155734375 0.978515625 0.8869120593750001 0.984375 0.8959506546875 0.990234375 0.9095085453125 0.994140625 0.9445330984375 0.9951171875 0.9614804625 0.994140625 0.9727787046874999 0.986328125 0.977298003125 0.986328125 0.987466421875 0.9775390625