3 0.7109375 0.790625 0.578125 0.41875
3 0.921875 0.47734375 0.15625 0.1921875
3 0.61953125 0.09140625 0.2015625 0.1828125
3 0.696875 0.2625 0.24609375 0.2359375
3 0.86796875 0.11796875 0.228125 0.2109375
3 0.9046875 0.31328125 0.18515625 0.18984375
3 0.38515625 0.38671875 0.2421875 0.1234375
3 0.290625 0.10390625 0.196875 0.2078125
3 0.33359375 0.26328125 0.26953125 0.15078125
3 0.19140625 0.43125 0.13828125 0.12890625
3 0.1 0.12578125 0.2 0.159375
3 0.06640625 0.2921875 0.1328125 0.15625
3 0.0703125 0.7796875 0.140625 0.146875
3 0.26015625 0.79609375 0.075 0.11875
3 0.0515625 0.49609375 0.103125 0.1046875
3 0.03984375 0.6171875 0.0796875 0.15625
3 0.20859375 0.715625 0.11953125 0.109375
3 0.1296875 0.6578125 0.1109375 0.10546875
3 0.234375 0.92109375 0.10390625 0.07109375
3 0.075 0.91875 0.15 0.1140625