3 0.74375 0.13984375 0.3671875 0.24765625
3 0.55234375 0.09921875 0.23984375 0.1109375
3 0.29609375 0.8296875 0.25234375 0.17734375
3 0.68125 0.590625 0.15625 0.1296875
3 0.47265625 0.63359375 0.13203125 0.11171875
3 0.27734375 0.56953125 0.20625 0.12578125
3 0.615625 0.4015625 0.1375 0.13828125
3 0.425 0.521875 0.12265625 0.13515625
3 0.5796875 0.5109375 0.171875 0.16484375
3 0.490625 0.39609375 0.14375 0.12265625
3 0.265625 0.41484375 0.20234375 0.11875
3 0.384375 0.38984375 0.15546875 0.1046875
3 0.3640625 0.64765625 0.11953125 0.1046875