3 0.828125 0.61640625 0.18046875 0.2234375
3 0.85546875 0.60546875 0.19296875 0.4203125
3 0.58515625 0.4453125 0.16875 0.41875
3 0.61171875 0.7546875 0.246875 0.24375
3 0.1875 0.75703125 0.375 0.2921875
3 0.39765625 0.15 0.12890625 0.184375
3 0.2390625 0.3375 0.190625 0.26015625
3 0.421875 0.4140625 0.153125 0.23125
3 0.17890625 0.5328125 0.353125 0.20546875
3 0.4265625 0.6 0.0875 0.20546875
3 0.94296875 0.79375 0.11328125 0.11640625
3 0.73984375 0.415625 0.0734375 0.1203125
3 0.18046875 0.13125 0.1890625 0.19140625
3 0.91484375 0.16796875 0.08359375 0.0953125