3 0.81796875 0.403125 0.19453125 0.15546875
3 0.76640625 0.234375 0.36328125 0.21796875
3 0.6765625 0.38046875 0.0734375 0.10390625
3 0.621875 0.43984375 0.028125 0.08984375
3 0.821875 0.5296875 0.0875 0.1875
3 0.85546875 0.69453125 0.10625 0.1453125
3 0.71875 0.58046875 0.125 0.16875
3 0.67265625 0.4984375 0.0703125 0.16796875
3 0.74453125 0.71953125 0.09140625 0.14140625
3 0.64140625 0.715625 0.1234375 0.23125
3 0.50078125 0.71171875 0.1171875 0.16171875
3 0.55546875 0.5328125 0.09453125 0.20390625
3 0.41953125 0.49921875 0.11796875 0.0328125
3 0.340625 0.68828125 0.1078125 0.09453125
3 0.3765625 0.67109375 0.1140625 0.128125
3 0.37265625 0.62109375 0.11640625 0.06953125
3 0.36015625 0.57265625 0.1125 0.04453125
3 0.38125 0.5453125 0.10703125 0.05546875
3 0.33828125 0.540625 0.0984375 0.06796875
3 0.3890625 0.37890625 0.28359375 0.19765625
3 0.5046875 0.22265625 0.25 0.3296875
3 0.384375 0.0875 0.08359375 0.10625
3 0.3484375 0.15234375 0.09609375 0.11328125
3 0.30546875 0.0640625 0.078125 0.125
3 0.284375 0.0671875 0.03125 0.11328125
3 0.25546875 0.1234375 0.059375 0.09765625
3 0.1765625 0.13359375 0.0984375 0.08671875
3 0.18515625 0.275 0.26640625 0.24375
3 0.21328125 0.4546875 0.20859375 0.190625
3 0.15859375 0.57734375 0.05546875 0.0796875
3 0.140625 0.634375 0.06328125 0.0953125
3 0.25078125 0.59765625 0.04375 0.0703125
3 0.20859375 0.60390625 0.05390625 0.09140625
3 0.25625 0.678125 0.04765625 0.0921875
3 0.1875 0.6953125 0.05625 0.0828125
3 0.15078125 0.72421875 0.040625 0.06796875
3 0.215625 0.7875 0.35390625 0.14921875
3 0.27109375 0.9171875 0.40859375 0.165625