3 0.88359375 0.06328125 0.2078125 0.1265625
3 0.76796875 0.125 0.1640625 0.15859375
3 0.51171875 0.06484375 0.2046875 0.1296875
3 0.27421875 0.12265625 0.21953125 0.165625
3 0.09765625 0.0390625 0.15859375 0.078125
3 0.32890625 0.19375 0.15625 0.1109375
3 0.18125 0.26875 0.14609375 0.1171875
3 0.14375 0.425 0.2421875 0.2
3 0.365625 0.36484375 0.165625 0.190625
3 0.4875 0.2640625 0.2328125 0.15546875
3 0.50234375 0.409375 0.11328125 0.18203125
3 0.81796875 0.434375 0.2203125 0.1609375
3 0.8734375 0.24140625 0.22265625 0.16015625
3 0.68359375 0.24453125 0.18515625 0.1046875
3 0.82109375 0.67421875 0.175 0.1828125
3 0.53671875 0.5875 0.2078125 0.18125
3 0.890625 0.7640625 0.13984375 0.16640625
3 0.70625 0.80078125 0.225 0.11328125
3 0.8375 0.89375 0.209375 0.18046875
3 0.6546875 0.91640625 0.21015625 0.1671875
3 0.53046875 0.8296875 0.18203125 0.18984375
3 0.4125 0.9203125 0.2375 0.15546875
3 0.07734375 0.5765625 0.1546875 0.2
3 0.16796875 0.78046875 0.15546875 0.22421875
3 0.153125 0.90390625 0.190625 0.125
3 0.33984375 0.78359375 0.20625 0.1390625
3 0.30390625 0.6328125 0.18828125 0.209375
3 0.17890625 0.5625 0.12109375 0.12421875