5 0.89609375 0.79375 0.2078125 0.41171875
5 0.7125 0.7734375 0.20234375 0.453125
5 0.55234375 0.86328125 0.19296875 0.2734375
5 0.3890625 0.9 0.1484375 0.2
5 0.22265625 0.73046875 0.2078125 0.5390625
5 0.08203125 0.70234375 0.16328125 0.5953125
5 0.48671875 0.528125 0.2703125 0.61171875
5 0.69609375 0.371875 0.20625 0.43984375
5 0.90703125 0.3734375 0.1859375 0.5171875
5 0.7828125 0.2171875 0.209375 0.434375
5 0.56015625 0.2140625 0.209375 0.42578125
5 0.32109375 0.24609375 0.2390625 0.4921875
5 0.11328125 0.2234375 0.20234375 0.446875