5 0.10390625 0.79375 0.2078125 0.41171875
5 0.2875 0.7734375 0.20234375 0.453125
5 0.44765625 0.86328125 0.19296875 0.2734375
5 0.6109375 0.9 0.1484375 0.2
5 0.77734375 0.73046875 0.2078125 0.5390625
5 0.91796875 0.70234375 0.16328125 0.5953125
5 0.51328125 0.528125 0.2703125 0.61171875
5 0.30390625 0.371875 0.20625 0.43984375
5 0.09296875 0.3734375 0.1859375 0.5171875
5 0.2171875 0.2171875 0.209375 0.434375
5 0.43984375 0.2140625 0.209375 0.42578125
5 0.67890625 0.24609375 0.2390625 0.4921875
5 0.88671875 0.2234375 0.20234375 0.446875