5 0.1359375 0.35390625 0.1125 0.20546875
5 0.128125 0.6171875 0.0890625 0.2953125
5 0.2453125 0.29921875 0.1296875 0.3296875
5 0.2375 0.6515625 0.13828125 0.3171875
5 0.340625 0.32734375 0.05625 0.26484375
5 0.33984375 0.63984375 0.0828125 0.34453125
5 0.4 0.29765625 0.078125 0.31796875
5 0.4078125 0.60390625 0.0734375 0.27890625
5 0.4703125 0.340625 0.06015625 0.25859375
5 0.47109375 0.6078125 0.059375 0.27734375
5 0.590625 0.32890625 0.1890625 0.3375
5 0.5375 0.68515625 0.0765625 0.35859375
5 0.603125 0.62578125 0.07265625 0.27265625
5 0.67890625 0.64765625 0.09296875 0.2875
5 0.7140625 0.3625 0.0640625 0.265625
5 0.790625 0.32421875 0.12109375 0.284375
5 0.8953125 0.3640625 0.08984375 0.2921875
5 0.77890625 0.65703125 0.1203125 0.31640625
5 0.8859375 0.6765625 0.09453125 0.32265625