5 0.8390625 0.734375 0.1921875 0.15859375
5 0.62578125 0.82109375 0.259375 0.32734375
5 0.56953125 0.64765625 0.22421875 0.24296875
5 0.146875 0.3234375 0.08515625 0.31484375
5 0.04609375 0.11796875 0.0921875 0.20078125
5 0.06796875 0.3609375 0.0921875 0.16640625
5 0.0890625 0.7046875 0.178125 0.1734375
5 0.29921875 0.7765625 0.26484375 0.18359375
5 0.06953125 0.82578125 0.1390625 0.15859375
5 0.2625 0.9453125 0.19375 0.109375
5 0.278125 0.90390625 0.20234375 0.15625
5 0.30625 0.83359375 0.14609375 0.1390625
5 0.65390625 0.5046875 0.1296875 0.1515625
5 0.47890625 0.4390625 0.17734375 0.15859375
5 0.29921875 0.21328125 0.16875 0.278125
5 0.15078125 0.08828125 0.153125 0.17578125
5 0.5578125 0.15234375 0.14453125 0.11171875
5 0.3703125 0.11796875 0.18359375 0.121875
5 0.440625 0.23203125 0.17578125 0.13671875
5 0.29609375 0.6296875 0.196875 0.1484375
5 0.128125 0.52734375 0.12578125 0.08671875
5 0.2390625 0.5109375 0.13515625 0.1640625
5 0.23125 0.37578125 0.0609375 0.16640625
5 0.4 0.390625 0.053125 0.10703125
5 0.6578125 0.384375 0.08359375 0.24296875
5 0.534375 0.30234375 0.1796875 0.12890625
5 0.07734375 0.275 0.10703125 0.10390625
1 0.4125 0.36484375 0.21484375 0.09453125
5 0.84921875 0.43515625 0.06015625 0.17578125
5 0.753125 0.56796875 0.0484375 0.13359375
5 0.79453125 0.4578125 0.06953125 0.14140625
5 0.75078125 0.45859375 0.065625 0.1140625
5 0.71953125 0.41953125 0.040625 0.10390625