5 0.3859375 0.15703125 0.178125 0.259375
5 0.690625 0.17265625 0.23125 0.21171875
5 0.75546875 0.3984375 0.23203125 0.31484375
5 0.8640625 0.59609375 0.1640625 0.340625
5 0.69765625 0.703125 0.16015625 0.33359375
5 0.6 0.8703125 0.15390625 0.25078125
5 0.44375 0.8671875 0.171875 0.26484375
5 0.1765625 0.7390625 0.22421875 0.33671875
5 0.33828125 0.790625 0.15546875 0.278125
5 0.421875 0.60703125 0.1859375 0.24609375
5 0.4890625 0.29453125 0.23046875 0.31171875
5 0.53984375 0.48203125 0.1953125 0.296875
5 0.325 0.46328125 0.1609375 0.20859375
5 0.2921875 0.321875 0.15390625 0.18359375
5 0.178125 0.45390625 0.10703125 0.2234375