0 0.93359375 0.61171875 0.1328125 0.4109375
0 0.81484375 0.70625 0.15546875 0.44375
0 0.66015625 0.78984375 0.1640625 0.4203125
0 0.42421875 0.8609375 0.17734375 0.278125
0 0.11328125 0.83984375 0.2140625 0.3203125
0 0.1921875 0.6546875 0.18046875 0.44453125
0 0.34609375 0.7828125 0.1546875 0.4203125
0 0.52421875 0.64609375 0.12265625 0.403125
0 0.40234375 0.46328125 0.11796875 0.31484375
0 0.3171875 0.28828125 0.115625 0.4578125
0 0.15234375 0.30625 0.22578125 0.3515625
0 0.909375 0.3796875 0.13046875 0.2484375
0 0.7859375 0.4421875 0.1125 0.2484375
0 0.66875 0.49765625 0.12734375 0.23203125
0 0.54296875 0.315625 0.1609375 0.3359375
0 0.4546875 0.165625 0.08515625 0.28515625
0 0.953125 0.13515625 0.09375 0.2703125
0 0.84921875 0.14453125 0.12265625 0.271875
0 0.71875 0.1796875 0.2078125 0.35234375
0 0.559375 0.08203125 0.11328125 0.16328125