0 0.065625 0.05 0.13046875 0.09921875
0 0.16953125 0.0484375 0.084375 0.096875
0 0.2578125 0.05078125 0.09375 0.10078125
0 0.09140625 0.25859375 0.1 0.15
0 0.02734375 0.47890625 0.05390625 0.1546875
0 0.353125 0.05390625 0.078125 0.1078125
0 0.428125 0.0546875 0.07890625 0.109375
0 0.1796875 0.26796875 0.07890625 0.140625
0 0.26640625 0.2640625 0.08046875 0.15703125
0 0.34296875 0.26484375 0.08671875 0.15546875
0 0.503125 0.05625 0.08203125 0.11171875
0 0.578125 0.0578125 0.07421875 0.115625
0 0.65078125 0.0578125 0.071875 0.11484375
0 0.72734375 0.059375 0.07734375 0.11640625
0 0.80546875 0.06015625 0.0828125 0.1203125
0 0.88125 0.06328125 0.07578125 0.12578125
0 0.95625 0.06171875 0.08125 0.1234375
0 0.46640625 0.2671875 0.07734375 0.15625
0 0.1671875 0.4765625 0.0484375 0.1359375
0 0.5453125 0.2671875 0.07265625 0.15390625
0 0.6203125 0.26875 0.071875 0.15546875
0 0.70546875 0.2703125 0.08359375 0.15390625
0 0.7859375 0.26875 0.07109375 0.159375
0 0.8640625 0.271875 0.071875 0.1484375
0 0.93515625 0.275 0.071875 0.15390625
0 0.0953125 0.4796875 0.0828125 0.14609375
0 0.22265625 0.48515625 0.07265625 0.15234375
0 0.31015625 0.65625 0.07421875 0.11484375
0 0.3 0.48359375 0.07578125 0.153125
0 0.3734375 0.48515625 0.07265625 0.1453125
0 0.4453125 0.484375 0.07578125 0.14375
0 0.51953125 0.48671875 0.0796875 0.14765625
0 0.59296875 0.48671875 0.0671875 0.14296875
0 0.665625 0.4875 0.0765625 0.1421875
0 0.74375 0.4875 0.078125 0.146875
0 0.8171875 0.4890625 0.07265625 0.14296875
0 0.884375 0.4859375 0.06796875 0.146875
0 0.95703125 0.48828125 0.0734375 0.1421875
0 0.44765625 0.6875 0.146875 0.1546875
0 0.65859375 0.6765625 0.14375 0.13359375
0 0.76953125 0.68515625 0.0734375 0.146875
0 0.83515625 0.6859375 0.0734375 0.15625
0 0.9359375 0.678125 0.128125 0.146875
0 0.04375 0.6734375 0.08671875 0.1515625
0 0.1046875 0.88203125 0.14609375 0.1234375
0 0.259375 0.878125 0.1375 0.12890625
0 0.3765625 0.87890625 0.07421875 0.1171875
0 0.60390625 0.875 0.13359375 0.11875
0 0.73515625 0.871875 0.0953125 0.11953125
0 0.86171875 0.86484375 0.07578125 0.12421875