0 0.953125 0.2390625 0.09375 0.375
0 0.953125 0.72109375 0.09375 0.3609375
0 0.86796875 0.24609375 0.09921875 0.35703125
0 0.765625 0.23515625 0.10546875 0.37421875
0 0.66796875 0.2359375 0.10703125 0.3828125
0 0.565625 0.23515625 0.10078125 0.3921875
0 0.4625 0.24375 0.09765625 0.36953125
0 0.3625 0.246875 0.103125 0.37265625
0 0.26328125 0.2515625 0.1015625 0.3640625
0 0.1609375 0.2578125 0.1015625 0.3578125
0 0.0609375 0.26875 0.09296875 0.34140625
0 0.86328125 0.72265625 0.1 0.353125
0 0.76796875 0.71640625 0.0984375 0.365625
0 0.6234375 0.71953125 0.18828125 0.37109375
0 0.4734375 0.73125 0.09921875 0.3625
0 0.3734375 0.73046875 0.10390625 0.3640625
0 0.26875 0.73984375 0.10390625 0.371875
0 0.16953125 0.73828125 0.103125 0.36875
0 0.0609375 0.75 0.121875 0.35