0 0.06640625 0.61171875 0.1328125 0.4109375
0 0.18515625 0.70625 0.15546875 0.44375
0 0.33984375 0.78984375 0.1640625 0.4203125
0 0.57578125 0.8609375 0.17734375 0.278125
0 0.88671875 0.83984375 0.2140625 0.3203125
0 0.8078125 0.6546875 0.18046875 0.44453125
0 0.65390625 0.7828125 0.1546875 0.4203125
0 0.47578125 0.64609375 0.12265625 0.403125
0 0.59765625 0.46328125 0.11796875 0.31484375
0 0.6828125 0.28828125 0.115625 0.4578125
0 0.84765625 0.30625 0.22578125 0.3515625
0 0.090625 0.3796875 0.13046875 0.2484375
0 0.2140625 0.4421875 0.1125 0.2484375
0 0.33125 0.49765625 0.12734375 0.23203125
0 0.45703125 0.315625 0.1609375 0.3359375
0 0.5453125 0.165625 0.08515625 0.28515625
0 0.046875 0.13515625 0.09375 0.2703125
0 0.15078125 0.14453125 0.12265625 0.271875
0 0.28125 0.1796875 0.2078125 0.35234375
0 0.440625 0.08203125 0.11328125 0.16328125