3 0.38359375 0.38671875 0.09609375 0.14375
3 0.48359375 0.37890625 0.09609375 0.17109375
3 0.39453125 0.23203125 0.07734375 0.14375
3 0.30859375 0.284375 0.07890625 0.13984375
3 0.475 0.15625 0.10390625 0.16640625
3 0.540625 0.22578125 0.11875 0.11484375
3 0.603125 0.25 0.09765625 0.1375
3 0.715625 0.378125 0.16875 0.08125
3 0.57734375 0.43125 0.14609375 0.11640625
3 0.70859375 0.490625 0.13359375 0.13515625
3 0.78984375 0.484375 0.15390625 0.12734375
3 0.684375 0.571875 0.12265625 0.11484375
3 0.5875 0.590625 0.1125 0.18515625
3 0.66171875 0.71171875 0.16875 0.11484375
3 0.521875 0.678125 0.11875 0.12734375
3 0.46484375 0.70078125 0.12890625 0.13984375
3 0.43984375 0.77265625 0.16640625 0.12109375
3 0.39453125 0.83125 0.14765625 0.1375
3 0.30234375 0.771875 0.10390625 0.16484375
3 0.334375 0.653125 0.13984375 0.10234375
3 0.21484375 0.57421875 0.1375 0.10625
3 0.30390625 0.53515625 0.12890625 0.14609375
3 0.403125 0.53828125 0.08515625 0.16875
3 0.496875 0.55390625 0.10234375 0.14609375